000012012010100200100250
000012012010100200130250
000012012010200200140250
000012012010200200050250
000012012010300200120250
000012012010300200080250
000012012020100200030250
000012012020100200070250
000012012020200200010250
000012012020200200060250
000012012020300200090250
000012012020300200020250
000012012030100200040250
000012012030100200110250
000012012030200200100250
000012012030200200130250
000012012030300200140250
000012012030300200050250
000012012040100200120250
000012012040100200080250
000012012040200200030250
000012012040200200070250
000012012040300200010250
000012012040300200060250
000012012050100200090250
000012012050100200020250
000012012050200200040250
000012012050200200110250
000012012050300200100250
000012012050300200130250
000012012060100200140250
000012012060100200050250
000012012060200200120250
000012012060200200080250
000012012060300200030250
000012012060300200070250
000012012070100200010250
000012012070100200060250
000012012070200200090250
000012012070200200020250
000012012070300200040250
000012012070300200110250
000012012080100200100250
000012012080100200130250
000012012080200200140250
000012012080200200050250
000012012080300200120250
000012012080300200080250
000012012090100200030250
000012012090100200070250
000012012090200200010250
000012012090200200060250
000012012090300200090250
000012012090300200020250
000012012100100200040250
000012012100100200110250
000012012100200200100250
000012012100200200130250
000012012100300200140250
000012012100300200050250
000012012110100200120250
000012012110100200080250
000012012110200200030250
000012012110200200070250
000012012110300200010250
000012012110300200060250
000012012120100200090250
000012012120100200020250
000012012120200200040250
000012012120200200110250
000012012120300200100250
000012012120300200130250
000012013010100200140250
000012013010100200050250
000012013010200200120250
000012013010200200080250
000012013010300200030250
000012013010300200070250
000012013020100200010250
000012013020100200060250
000012013020200200090250
000012013020200200020250
000012013020300200040250
000012013020300200110250
000012013030100200100250
000012013030100200130250
000012013030200200140250
000012013030200200050250
000012013030300200120250
000012013030300200080250
000012013040100200030250
000012013040100200070250
000012013040200200010250
000012013040200200060250
000012013040300200090250
000012013040300200020250
000012013050100200040250
000012013050100200110250
000012013050200200100250
000012013050200200130250
000012013050300200140250
000012013050300200050250
000012013060100200120250
000012013060100200080250
000012013060200200030250
000012013060200200070250
000012013060300200010250
000012013060300200060250
000012013070100200090250
000012013070100200020250
000012013070200200040250
000012013070200200110250
000012013070300200100250
000012013070300200130250
000012013080100200140250
000012013080100200050250
000012013080200200120250
000012013080200200080250
000012013080300200030250
000012013080300200070250
000012013090100200010250
000012013090100200060250
000012013090200200090250
000012013090200200020250
000012013090300200040250
000012013090300200110250
000012013100100200100250
000012013100100200130250
000012013100200200140250
000012013100200200050250
000012013100300200120250
000012013100300200080250
000012013110100200030250
000012013110100200070250
000012013110200200010250
000012013110200200060250
000012013110300200090250
000012013110300200020250
000012013120100200040250
000012013120100200110250
000012013120200200100250
000012013120200200130250
000012013120300200140250
000012013120300200050250
000012014010100200120250
000012014010100200080250
000012014010200200030250
000012014010200200070250
000012014010300200010250
000012014010300200060250
000012014020100200090250
000012014020100200020250
000012014020200200040250
000012014020200200110250
000012014020300200100250
000012014020300200130250
000012014030100200140250
000012014030100200050250
000012014030200200120250
000012014030200200080250
000012014030300200030250
000012014030300200070250
000012014040100200010250
000012014040100200060250
000012014040200200090250
000012014040200200020250
000012014040300200040250
000012014040300200110250
000012014050100200100250
000012014050100200130250
000012014050200200140250
000012014050200200050250
000012014050300200120250
000012014050300200080250
000012014060100200030250
000012014060100200070250
000012014060200200010250
000012014060200200060250
000012014060300200090250
000012014060300200020250
000012014070100200040250
000012014070100200110250
000012014070200200100250
000012014070200200130250
000012014070300200140250
000012014070300200050250
000012014080100200120250
000012014080100200080250
000012014080200200030250
000012014080200200070250
000012014080300200010250
000012014080300200060250
000012014090100200090250
000012014090100200020250
000012014090200200040250
000012014090200200110250
000012014090300200100250
000012014090300200130250
000012014100100200140250
000012014100100200050250
000012014100200200120250
000012014100200200080250
000012014100300200030250
000012014100300200070250
000012014110100200010250
000012014110100200060250
000012014110200200090250
000012014110200200020250
000012014110300200040250
000012014110300200110250
000012014120100200100250
000012014120100200130250
000012014120200200140250
000012014120200200050250
000012014120300200120250
000012014120300200080250
000012015010100200030250
000012015010100200070250
000012015010200200010250
000012015010200200060250
000012015010300200090250
000012015010300200020250
000012015020100200040250
000012015020100200110250
000012015020200200100250
000012015020200200130250
000012015020300200140250
000012015020300200050250
000012015030100200120250
000012015030100200080250
000012015030200200030250
000012015030200200070250
000012015030300200010250
000012015030300200060250
000012015040100200090250
000012015040100200020250
000012015040200200040250
000012015040200200110250
000012015040300200100250
000012015040300200130250
000012015050100200140250
000012015050100200050250
000012015050200200120250
000012015050200200080250
000012015050300200030250
000012015050300200070250
000012015060100200010250
000012015060100200060250
000012015060200200090250
000012015060200200020250
000012015060300200040250
000012015060300200110250
000012015070100200100250
000012015070100200130250
000012015070200200140250
000012015070200200050250
000012015070300200120250
000012015070300200080250
000012015080100200030250
000012015080100200070250
000012015080200200010250
000012015080200200060250
000012015080300200090250
000012015080300200020250
000012015090100200040250
000012015090100200110250
000012015090200200100250
000012015090200200130250
000012015090300200140250
000012015090300200050250
000012015100100200120250
000012015100100200080250
000012015100200200030250
000012015100200200070250
000012015100300200010250
000012015100300200060250
000012015110100200090250
000012015110100200020250
000012015110200200040250
000012015110200200110250
000012015110300200100250
000012015110300200130250
000012015120100200140250
000012015120100200050250
000012015120200200120250
000012015120200200080250
000012015120300200030250
000012015120300200070250
000012016010100200010250
000012016010100200060250
000012016010200200090250
000012016010200200020250
000012016010300200040250
000012016010300200110250
000012016020100200100250
000012016020100200130250
000012016020200200140250
000012016020200200050250
000012016020300200120250
000012016020300200080250
000012016030100200030250
000012016030100200070250
000012016030200200010250
000012016030200200060250
000012016030300200090250
000012016030300200020250
000012016040100200040250
000012016040100200110250
000012016040200200100250
000012016040200200130250
000012016040300200140250
000012016040300200050250
000012016050100200120250
000012016050100200080250
000012016050200200030250
000012016050200200070250
000012016050300200010250
000012016050300200060250
000012016060100200090250
000012016060100200020250
000012016060200200040250
000012016060200200110250
000012016060300200100250
000012016060300200130250
000012016070100200140250
000012016070100200050250
000012016070200200120250
000012016070200200080250
000012016070300200030250
000012016070300200070250
000012016080100200010250
000012016080100200060250
000012016080200200090250
000012016080200200020250
000012016080300200040250
000012016080300200110250
000012016090100200100250
000012016090100200130250
000012016090200200140250
000012016090200200050250
000012016090300200120250
000012016090300200080250
000012016100100200030250
000012016100100200070250
000012016100200200010250
000012016100200200060250
000012016100300200090250
000012016100300200020250
000012016110100200040250
000012016110100200110250
000012016110200200100250
000012016110200200130250
000012016110300200140250
000012016110300200050250
000012016120100200120250
000012016120100200080250
000012016120200200030250
000012016120200200070250
000012016120300200010250
000012016120300200060250
000032012010100200090250
000032012010100200020250
000032012010200200040250
000032012010200200110250
000032012010300200100250
000032012010300200130250
000032012020100200140250
000032012020100200050250
000032012020200200120250
000032012020200200080250
000032012020300200030250
000032012020300200070250
000032012030100200010250
000032012030100200060250
000032012030200200090250
000032012030200200020250
000032012030300200040250
000032012030300200110250
000032012040100200100250
000032012040100200130250
000032012040200200140250
000032012040200200050250
000032012040300200120250
000032012040300200080250
000032012050100200030250
000032012050100200070250
000032012050200200010250
000032012050200200060250
000032012050300200090250
000032012050300200020250
000032012060100200040250
000032012060100200110250
000032012060200200100250
000032012060200200130250
000032012060300200140250
000032012060300200050250
000032012070100200120250
000032012070100200080250
000032012070200200030250
000032012070200200070250
000032012070300200010250
000032012070300200060250
000032012080100200090250
000032012080100200020250
000032012080200200040250
000032012080200200110250
000032012080300200100250
000032012080300200130250
000032012090100200140250
000032012090100200050250
000032012090200200120250
000032012090200200080250
000032012090300200030250
000032012090300200070250
000032012100100200010250
000032012100100200060250
000032012100200200090250
000032012100200200020250
000032012100300200040250
000032012100300200110250
000032012110100200100250
000032012110100200130250
000032012110200200140250
000032012110200200050250
000032012110300200120250
000032012110300200080250
000032012120100200030250
000032012120100200070250
000032012120200200010250
000032012120200200060250
000032012120300200090250
000032012120300200020250
000032013010100200040250
000032013010100200110250
000032013010200200100250
000032013010200200130250
000032013010300200140250
000032013010300200050250
000032013020100200120250
000032013020100200080250
000032013020200200030250
000032013020200200070250
000032013020300200010250
000032013020300200060250
000032013030100200090250
000032013030100200020250
000032013030200200040250
000032013030200200110250
000032013030300200100250
000032013030300200130250
000032013040100200140250
000032013040100200050250
000032013040200200120250
000032013040200200080250
000032013040300200030250
000032013040300200070250
000032013050100200010250
000032013050100200060250
000032013050200200090250
000032013050200200020250
000032013050300200040250
000032013050300200110250
000032013060100200100250
000032013060100200130250
000032013060200200140250
000032013060200200050250
000032013060300200120250
000032013060300200080250
000032013070100200030250
000032013070100200070250
000032013070200200010250
000032013070200200060250
000032013070300200090250
000032013070300200020250
000032013080100200040250
000032013080100200110250
000032013080200200100250
000032013080200200130250
000032013080300200140250
000032013080300200050250
000032013090100200120250
000032013090100200080250
000032013090200200030250
000032013090200200070250
000032013090300200010250
000032013090300200060250
000032013100100200090250
000032013100100200020250
000032013100200200040250
000032013100200200110250
000032013100300200100250
000032013100300200130250
000032013110100200140250
000032013110100200050250
000032013110200200120250
000032013110200200080250
000032013110300200030250
000032013110300200070250
000032013120100200010250
000032013120100200060250
000032013120200200090250
000032013120200200020250
000032013120300200040250
000032013120300200110250
000032014010100200100250
000032014010100200130250
000032014010200200140250
000032014010200200050250
000032014010300200120250
000032014010300200080250
000032014020100200030250
000032014020100200070250
000032014020200200010250
000032014020200200060250
000032014020300200090250
000032014020300200020250
000032014030100200040250
000032014030100200110250
000032014030200200100250
000032014030200200130250
000032014030300200140250
000032014030300200050250
000032014040100200120250
000032014040100200080250
000032014040200200030250
000032014040200200070250
000032014040300200010250
000032014040300200060250
000032014050100200090250
000032014050100200020250
000032014050200200040250
000032014050200200110250
000032014050300200100250
000032014050300200130250
000032014060100200140250
000032014060100200050250
000032014060200200120250
000032014060200200080250
000032014060300200030250
000032014060300200070250
000032014070100200010250
000032014070100200060250
000032014070200200090250
000032014070200200020250
000032014070300200040250
000032014070300200110250
000032014080100200100250
000032014080100200130250
000032014080200200140250
000032014080200200050250
000032014080300200120250
000032014080300200080250
000032014090100200030250
000032014090100200070250
000032014090200200010250
000032014090200200060250
000032014090300200090250
000032014090300200020250
000032014100100200040250
000032014100100200110250
000032014100200200100250
000032014100200200130250
000032014100300200140250
000032014100300200050250
000032014110100200120250
000032014110100200080250
000032014110200200030250
000032014110200200070250
000032014110300200010250
000032014110300200060250
000032014120100200090250
000032014120100200020250
000032014120200200040250
000032014120200200110250
000032014120300200100250
000032014120300200130250
000032015010100200140250
000032015010100200050250
000032015010200200120250
000032015010200200080250
000032015010300200030250
000032015010300200070250
000032015020100200010250
000032015020100200060250
000032015020200200090250
000032015020200200020250
000032015020300200040250
000032015020300200110250
000032015030100200100250
000032015030100200130250
000032015030200200140250
000032015030200200050250
000032015030300200120250
000032015030300200080250
000032015040100200030250
000032015040100200070250
000032015040200200010250
000032015040200200060250
000032015040300200090250
000032015040300200020250
000032015050100200040250
000032015050100200110250
000032015050200200100250
000032015050200200130250
000032015050300200140250
000032015050300200050250
000032015060100200120250
000032015060100200080250
000032015060200200030250
000032015060200200070250
000032015060300200010250
000032015060300200060250
000032015070100200090250
000032015070100200020250
000032015070200200040250
000032015070200200110250
000032015070300200100250
000032015070300200130250
000032015080100200140250
000032015080100200050250
000032015080200200120250
000032015080200200080250
000032015080300200030250
000032015080300200070250
000032015090100200010250
000032015090100200060250
000032015090200200090250
000032015090200200020250
000032015090300200040250
000032015090300200110250
000032015100100200100250
000032015100100200130250
000032015100200200140250
000032015100200200050250
000032015100300200120250
000032015100300200080250
000032015110100200030250
000032015110100200070250
000032015110200200010250
000032015110200200060250
000032015110300200090250
000032015110300200020250
000032015120100200040250
000032015120100200110250
000032015120200200100250
000032015120200200130250
000032015120300200140250
000032015120300200050250
000032016010100200120250
000032016010100200080250
000032016010200200030250
000032016010200200070250
000032016010300200010250
000032016010300200060250
000032016020100200090250
000032016020100200020250
000032016020200200040250
000032016020200200110250
000032016020300200100250
000032016020300200130250
000032016030100200140250
000032016030100200050250
000032016030200200120250
000032016030200200080250
000032016030300200030250
000032016030300200070250
000032016040100200010250
000032016040100200060250
000032016040200200090250
000032016040200200020250
000032016040300200040250
000032016040300200110250
000032016050100200100250
000032016050100200130250
000032016050200200140250
000032016050200200050250
000032016050300200120250
000032016050300200080250
000032016060100200030250
000032016060100200070250
000032016060200200010250
000032016060200200060250
000032016060300200090250
000032016060300200020250
000032016070100200040250
000032016070100200110250
000032016070200200100250
000032016070200200130250
000032016070300200140250
000032016070300200050250
000032016080100200120250
000032016080100200080250
000032016080200200030250
000032016080200200070250
000032016080300200010250
000032016080300200060250
000032016090100200090250
000032016090100200020250
000032016090200200040250
000032016090200200110250
000032016090300200100250
000032016090300200130250
000032016100100200140250
000032016100100200050250
000032016100200200120250
000032016100200200080250
000032016100300200030250
000032016100300200070250
000032016110100200010250
000032016110100200060250
000032016110200200090250
000032016110200200020250
000032016110300200040250
000032016110300200110250
000032016120100200100250
000032016120100200130250
000032016120200200140250
000032016120200200050250
000032016120300200120250
000032016120300200080250
000052012010100200030250
000052012010100200070250
000052012010200200010250
000052012010200200060250
000052012010300200090250
000052012010300200020250
000052012020100200040250
000052012020100200110250
000052012020200200100250
000052012020200200130250
000052012020300200140250
000052012020300200050250
000052012030100200120250
000052012030100200080250
000052012030200200030250
000052012030200200070250
000052012030300200010250
000052012030300200060250
000052012040100200090250
000052012040100200020250
000052012040200200040250
000052012040200200110250
000052012040300200100250
000052012040300200130250
000052012050100200140250
000052012050100200050250
000052012050200200120250
000052012050200200080250
000052012050300200030250
000052012050300200070250
000052012060100200010250
000052012060100200060250
000052012060200200090250
000052012060200200020250
000052012060300200040250
000052012060300200110250
000052012070100200100250
000052012070100200130250
000052012070200200140250
000052012070200200050250
000052012070300200120250
000052012070300200080250
000052012080100200030250
000052012080100200070250
000052012080200200010250
000052012080200200060250
000052012080300200090250
000052012080300200020250
000052012090100200040250
000052012090100200110250
000052012090200200100250
000052012090200200130250
000052012090300200140250
000052012090300200050250
000052012100100200120250
000052012100100200080250
000052012100200200030250
000052012100200200070250
000052012100300200010250
000052012100300200060250
000052012110100200090250
000052012110100200020250
000052012110200200040250
000052012110200200110250
000052012110300200100250
000052012110300200130250
000052012120100200140250
000052012120100200050250
000052012120200200120250
000052012120200200080250
000052012120300200030250
000052012120300200070250
000052013010100200010250
000052013010100200060250
000052013010200200090250
000052013010200200020250
000052013010300200040250
000052013010300200110250
000052013020100200100250
000052013020100200130250
000052013020200200140250
000052013020200200050250
000052013020300200120250
000052013020300200080250
000052013030100200030250
000052013030100200070250
000052013030200200010250
000052013030200200060250
000052013030300200090250
000052013030300200020250
000052013040100200040250
000052013040100200110250
000052013040200200100250
000052013040200200130250
000052013040300200140250
000052013040300200050250
000052013050100200120250
000052013050100200080250
000052013050200200030250
000052013050200200070250
000052013050300200010250
000052013050300200060250
000052013060100200090250
000052013060100200020250
000052013060200200040250
000052013060200200110250
000052013060300200100250
000052013060300200130250
000052013070100200140250
000052013070100200050250
000052013070200200120250
000052013070200200080250
000052013070300200030250
000052013070300200070250
000052013080100200010250
000052013080100200060250
000052013080200200090250
000052013080200200020250
000052013080300200040250
000052013080300200110250
000052013090100200100250
000052013090100200130250
000052013090200200140250
000052013090200200050250
000052013090300200120250
000052013090300200080250
000052013100100200030250
000052013100100200070250
000052013100200200010250
000052013100200200060250
000052013100300200090250
000052013100300200020250
000052013110100200040250
000052013110100200110250
000052013110200200100250
000052013110200200130250
000052013110300200140250
000052013110300200050250
000052013120100200120250
000052013120100200080250
000052013120200200030250
000052013120200200070250
000052013120300200010250
000052013120300200060250
000052014010100200090250
000052014010100200020250
000052014010200200040250
000052014010200200110250
000052014010300200100250
000052014010300200130250
000052014020100200140250
000052014020100200050250
000052014020200200120250
000052014020200200080250
000052014020300200030250
000052014020300200070250
000052014030100200010250
000052014030100200060250
000052014030200200090250
000052014030200200020250
000052014030300200040250
000052014030300200110250
000052014040100200100250
000052014040100200130250
000052014040200200140250
000052014040200200050250
000052014040300200120250
000052014040300200080250
000052014050100200030250
000052014050100200070250
000052014050200200010250
000052014050200200060250
000052014050300200090250
000052014050300200020250
000052014060100200040250
000052014060100200110250
000052014060200200100250
000052014060200200130250
000052014060300200140250
000052014060300200050250
000052014070100200120250
000052014070100200080250
000052014070200200030250
000052014070200200070250
000052014070300200010250
000052014070300200060250
000052014080100200090250
000052014080100200020250
000052014080200200040250
000052014080200200110250
000052014080300200100250
000052014080300200130250
000052014090100200140250
000052014090100200050250
000052014090200200120250
000052014090200200080250
000052014090300200030250
000052014090300200070250
000052014100100200010250
000052014100100200060250
000052014100200200090250
000052014100200200020250
000052014100300200040250
000052014100300200110250
000052014110100200100250
000052014110100200130250
000052014110200200140250
000052014110200200050250
000052014110300200120250
000052014110300200080250
000052014120100200030250
000052014120100200070250
000052014120200200010250
000052014120200200060250
000052014120300200090250
000052014120300200020250
000052015010100200040250
000052015010100200110250
000052015010200200100250
000052015010200200130250
000052015010300200140250
000052015010300200050250
000052015020100200120250
000052015020100200080250
000052015020200200030250
000052015020200200070250
000052015020300200010250
000052015020300200060250
000052015030100200090250
000052015030100200020250
000052015030200200040250
000052015030200200110250
000052015030300200100250
000052015030300200130250
000052015040100200140250
000052015040100200050250
000052015040200200120250
000052015040200200080250
000052015040300200030250
000052015040300200070250
000052015050100200010250
000052015050100200060250
000052015050200200090250
000052015050200200020250
000052015050300200040250
000052015050300200110250
000052015060100200100250
000052015060100200130250
000052015060200200140250
000052015060200200050250
000052015060300200120250
000052015060300200080250
000052015070100200030250
000052015070100200070250
000052015070200200010250
000052015070200200060250
000052015070300200090250
000052015070300200020250
000052015080100200040250
000052015080100200110250
000052015080200200100250
000052015080200200130250
000052015080300200140250
000052015080300200050250
000052015090100200120250
000052015090100200080250
000052015090200200030250
000052015090200200070250
000052015090300200010250
000052015090300200060250
000052015100100200090250
000052015100100200020250
000052015100200200040250
000052015100200200110250
000052015100300200100250
000052015100300200130250
000052015110100200140250
000052015110100200050250
000052015110200200120250
000052015110200200080250
000052015110300200030250
000052015110300200070250
000052015120100200010250
000052015120100200060250
000052015120200200090250
000052015120200200020250
000052015120300200040250
000052015120300200110250
000052016010100200100250
000052016010100200130250
000052016010200200140250
000052016010200200050250
000052016010300200120250
000052016010300200080250
000052016020100200030250
000052016020100200070250
000052016020200200010250
000052016020200200060250
000052016020300200090250
000052016020300200020250
000052016030100200040250
000052016030100200110250
000052016030200200100250
000052016030200200130250
000052016030300200140250
000052016030300200050250
000052016040100200120250
000052016040100200080250
000052016040200200030250
000052016040200200070250
000052016040300200010250
000052016040300200060250
000052016050100200090250
000052016050100200020250
000052016050200200040250
000052016050200200110250
000052016050300200100250
000052016050300200130250
000052016060100200140250
000052016060100200050250
000052016060200200120250
000052016060200200080250
000052016060300200030250
000052016060300200070250
000052016070100200010250
000052016070100200060250
000052016070200200090250
000052016070200200020250
000052016070300200040250
000052016070300200110250
000052016080100200100250
000052016080100200130250
000052016080200200140250
000052016080200200050250
000052016080300200120250
000052016080300200080250
000052016090100200030250
000052016090100200070250
000052016090200200010250
000052016090200200060250
000052016090300200090250
000052016090300200020250
000052016100100200040250
000052016100100200110250
000052016100200200100250
000052016100200200130250
000052016100300200140250
000052016100300200050250
000052016110100200120250
000052016110100200080250
000052016110200200030250
000052016110200200070250
000052016110300200010250
000052016110300200060250
000052016120100200090250
000052016120100200020250
000052016120200200040250
000052016120200200110250
000052016120300200100250
000052016120300200130250
000062012010100200140250
000062012010100200050250
000062012010200200120250
000062012010200200080250
000062012010300200030250
000062012010300200070250
000062012020100200010250
000062012020100200060250
000062012020200200090250
000062012020200200020250
000062012020300200040250
000062012020300200110250
000062012030100200100250
000062012030100200130250
000062012030200200140250
000062012030200200050250
000062012030300200120250
000062012030300200080250
000062012040100200030250
000062012040100200070250
000062012040200200010250
000062012040200200060250
000062012040300200090250
000062012040300200020250
000062012050100200040250
000062012050100200110250
000062012050200200100250
000062012050200200130250
000062012050300200140250
000062012050300200050250
000062012060100200120250
000062012060100200080250
000062012060200200030250
000062012060200200070250
000062012060300200010250
000062012060300200060250
000062012070100200090250
000062012070100200020250
000062012070200200040250
000062012070200200110250
000062012070300200100250
000062012070300200130250
000062012080100200140250
000062012080100200050250
000062012080200200120250
000062012080200200080250
000062012080300200030250
000062012080300200070250
000062012090100200010250
000062012090100200060250
000062012090200200090250
000062012090200200020250
000062012090300200040250
000062012090300200110250
000062012100100200100250
000062012100100200130250
000062012100200200140250
000062012100200200050250
000062012100300200120250
000062012100300200080250
000062012110100200030250
000062012110100200070250
000062012110200200010250
000062012110200200060250
000062012110300200090250
000062012110300200020250
000062012120100200040250
000062012120100200110250
000062012120200200100250
000062012120200200130250
000062012120300200140250
000062012120300200050250
000062013010100200120250
000062013010100200080250
000062013010200200030250
000062013010200200070250
000062013010300200010250
000062013010300200060250
000062013020100200090250
000062013020100200020250
000062013020200200040250
000062013020200200110250
000062013020300200100250
000062013020300200130250
000062013030100200140250
000062013030100200050250
000062013030200200120250
000062013030200200080250
000062013030300200030250
000062013030300200070250
000062013040100200010250
000062013040100200060250
000062013040200200090250
000062013040200200020250
000062013040300200040250
000062013040300200110250
000062013050100200100250
000062013050100200130250
000062013050200200140250
000062013050200200050250
000062013050300200120250
000062013050300200080250
000062013060100200030250
000062013060100200070250
000062013060200200010250
000062013060200200060250
000062013060300200090250
000062013060300200020250
000062013070100200040250
000062013070100200110250
000062013070200200100250
000062013070200200130250
000062013070300200140250
000062013070300200050250
000062013080100200120250
000062013080100200080250
000062013080200200030250
000062013080200200070250
000062013080300200010250
000062013080300200060250
000062013090100200090250
000062013090100200020250
000062013090200200040250
000062013090200200110250
000062013090300200100250
000062013090300200130250
000062013100100200140250
000062013100100200050250
000062013100200200120250
000062013100200200080250
000062013100300200030250
000062013100300200070250
000062013110100200010250
000062013110100200060250
000062013110200200090250
000062013110200200020250
000062013110300200040250
000062013110300200110250
000062013120100200100250
000062013120100200130250
000062013120200200140250
000062013120200200050250
000062013120300200120250
000062013120300200080250
000062014010100200030250
000062014010100200070250
000062014010200200010250
000062014010200200060250
000062014010300200090250
000062014010300200020250
000062014020100200040250
000062014020100200110250
000062014020200200100250
000062014020200200130250
000062014020300200140250
000062014020300200050250
000062014030100200120250
000062014030100200080250
000062014030200200030250
000062014030200200070250
000062014030300200010250
000062014030300200060250
000062014040100200090250
000062014040100200020250
000062014040200200040250
000062014040200200110250
000062014040300200100250
000062014040300200130250
000062014050100200140250
000062014050100200050250
000062014050200200120250
000062014050200200080250
000062014050300200030250
000062014050300200070250
000062014060100200010250
000062014060100200060250
000062014060200200090250
000062014060200200020250
000062014060300200040250
000062014060300200110250
000062014070100200100250
000062014070100200130250
000062014070200200140250
000062014070200200050250
000062014070300200120250
000062014070300200080250
000062014080100200030250
000062014080100200070250
000062014080200200010250
000062014080200200060250
000062014080300200090250
000062014080300200020250
000062014090100200040250
000062014090100200110250
000062014090200200100250
000062014090200200130250
000062014090300200140250
000062014090300200050250
000062014100100200120250
000062014100100200080250
000062014100200200030250
000062014100200200070250
000062014100300200010250
000062014100300200060250
000062014110100200090250
000062014110100200020250
000062014110200200040250
000062014110200200110250
000062014110300200100250
000062014110300200130250
000062014120100200140250
000062014120100200050250
000062014120200200120250
000062014120200200080250
000062014120300200030250
000062014120300200070250
000062015010100200010250
000062015010100200060250
000062015010200200090250
000062015010200200020250
000062015010300200040250
000062015010300200110250
000062015020100200100250
000062015020100200130250
000062015020200200140250
000062015020200200050250
000062015020300200120250
000062015020300200080250
000062015030100200030250
000062015030100200070250
000062015030200200010250
000062015030200200060250
000062015030300200090250
000062015030300200020250
000062015040100200040250
000062015040100200110250
000062015040200200100250
000062015040200200130250
000062015040300200140250
000062015040300200050250
000062015050100200120250
000062015050100200080250
000062015050200200030250
000062015050200200070250
000062015050300200010250
000062015050300200060250
000062015060100200090250
000062015060100200020250
000062015060200200040250
000062015060200200110250
000062015060300200100250
000062015060300200130250
000062015070100200140250
000062015070100200050250
000062015070200200120250
000062015070200200080250
000062015070300200030250
000062015070300200070250
000062015080100200010250
000062015080100200060250
000062015080200200090250
000062015080200200020250
000062015080300200040250
000062015080300200110250
000062015090100200100250
000062015090100200130250
000062015090200200140250
000062015090200200050250
000062015090300200120250
000062015090300200080250
000062015100100200030250
000062015100100200070250
000062015100200200010250
000062015100200200060250
000062015100300200090250
000062015100300200020250
000062015110100200040250
000062015110100200110250
000062015110200200100250
000062015110200200130250
000062015110300200140250
000062015110300200050250
000062015120100200120250
000062015120100200080250
000062015120200200030250
000062015120200200070250
000062015120300200010250
000062015120300200060250
000062016010100200090250
000062016010100200020250
000062016010200200040250
000062016010200200110250
000062016010300200100250
000062016010300200130250
000062016020100200140250
000062016020100200050250
000062016020200200120250
000062016020200200080250
000062016020300200030250
000062016020300200070250
000062016030100200010250
000062016030100200060250
000062016030200200090250
000062016030200200020250
000062016030300200040250
000062016030300200110250
000062016040100200100250
000062016040100200130250
000062016040200200140250
000062016040200200050250
000062016040300200120250
000062016040300200080250
000062016050100200030250
000062016050100200070250
000062016050200200010250
000062016050200200060250
000062016050300200090250
000062016050300200020250
000062016060100200040250
000062016060100200110250
000062016060200200100250
000062016060200200130250
000062016060300200140250
000062016060300200050250
000062016070100200120250
000062016070100200080250
000062016070200200030250
000062016070200200070250
000062016070300200010250
000062016070300200060250
000062016080100200090250
000062016080100200020250
000062016080200200040250
000062016080200200110250
000062016080300200100250
000062016080300200130250
000062016090100200140250
000062016090100200050250
000062016090200200120250
000062016090200200080250
000062016090300200030250
000062016090300200070250
000062016100100200010250
000062016100100200060250
000062016100200200090250
000062016100200200020250
000062016100300200040250
000062016100300200110250
000062016110100200100250
000062016110100200130250
000062016110200200140250
000062016110200200050250
000062016110300200120250
000062016110300200080250
000062016120100200030250
000062016120100200070250
000062016120200200010250
000062016120200200060250
000062016120300200090250
000062016120300200020250
000072012010100200040250
000072012010100200110250
000072012010200200100250
000072012010200200130250
000072012010300200140250
000072012010300200050250
000072012020100200120250
000072012020100200080250
000072012020200200030250
000072012020200200070250
000072012020300200010250
000072012020300200060250
000072012030100200090250
000072012030100200020250
000072012030200200040250
000072012030200200110250
000072012030300200100250
000072012030300200130250
000072012040100200140250
000072012040100200050250
000072012040200200120250
000072012040200200080250
000072012040300200030250
000072012040300200070250
000072012050100200010250
000072012050100200060250
000072012050200200090250
000072012050200200020250
000072012050300200040250
000072012050300200110250
000072012060100200100250
000072012060100200130250
000072012060200200140250
000072012060200200050250
000072012060300200120250
000072012060300200080250
000072012070100200030250
000072012070100200070250
000072012070200200010250
000072012070200200060250
000072012070300200090250
000072012070300200020250
000072012080100200040250
000072012080100200110250
000072012080200200100250
000072012080200200130250
000072012080300200140250
000072012080300200050250
000072012090100200120250
000072012090100200080250
000072012090200200030250
000072012090200200070250
000072012090300200010250
000072012090300200060250
000072012100100200090250
000072012100100200020250
000072012100200200040250
000072012100200200110250
000072012100300200100250
000072012100300200130250
000072012110100200140250
000072012110100200050250
000072012110200200120250
000072012110200200080250
000072012110300200030250
000072012110300200070250
000072012120100200010250
000072012120100200060250
000072012120200200090250
000072012120200200020250
000072012120300200040250
000072012120300200110250
000072013010100200100250
000072013010100200130250
000072013010200200140250
000072013010200200050250
000072013010300200120250
000072013010300200080250
000072013020100200030250
000072013020100200070250
000072013020200200010250
000072013020200200060250
000072013020300200090250
000072013020300200020250
000072013030100200040250
000072013030100200110250
000072013030200200100250
000072013030200200130250
000072013030300200140250
000072013030300200050250
000072013040100200120250
000072013040100200080250
000072013040200200030250
000072013040200200070250
000072013040300200010250
000072013040300200060250
000072013050100200090250
000072013050100200020250
000072013050200200040250
000072013050200200110250
000072013050300200100250
000072013050300200130250
000072013060100200140250
000072013060100200050250
000072013060200200120250
000072013060200200080250
000072013060300200030250
000072013060300200070250
000072013070100200010250
000072013070100200060250
000072013070200200090250
000072013070200200020250
000072013070300200040250
000072013070300200110250
000072013080100200100250
000072013080100200130250
000072013080200200140250
000072013080200200050250
000072013080300200120250
000072013080300200080250
000072013090100200030250
000072013090100200070250
000072013090200200010250
000072013090200200060250
000072013090300200090250
000072013090300200020250
000072013100100200040250
000072013100100200110250
000072013100200200100250
000072013100200200130250
000072013100300200140250
000072013100300200050250
000072013110100200120250
000072013110100200080250
000072013110200200030250
000072013110200200070250
000072013110300200010250
000072013110300200060250
000072013120100200090250
000072013120100200020250
000072013120200200040250
000072013120200200110250
000072013120300200100250
000072013120300200130250
000072014010100200140250
000072014010100200050250
000072014010200200120250
000072014010200200080250
000072014010300200030250
000072014010300200070250
000072014020100200010250
000072014020100200060250
000072014020200200090250
000072014020200200020250
000072014020300200040250
000072014020300200110250
000072014030100200100250
000072014030100200130250
000072014030200200140250
000072014030200200050250
000072014030300200120250
000072014030300200080250
000072014040100200030250
000072014040100200070250
000072014040200200010250
000072014040200200060250
000072014040300200090250
000072014040300200020250
000072014050100200040250
000072014050100200110250
000072014050200200100250
000072014050200200130250
000072014050300200140250
000072014050300200050250
000072014060100200120250
000072014060100200080250
000072014060200200030250
000072014060200200070250
000072014060300200010250
000072014060300200060250
000072014070100200090250
000072014070100200020250
000072014070200200040250
000072014070200200110250
000072014070300200100250
000072014070300200130250
000072014080100200140250
000072014080100200050250
000072014080200200120250
000072014080200200080250
000072014080300200030250
000072014080300200070250
000072014090100200010250
000072014090100200060250
000072014090200200090250
000072014090200200020250
000072014090300200040250
000072014090300200110250
000072014100100200100250
000072014100100200130250
000072014100200200140250
000072014100200200050250
000072014100300200120250
000072014100300200080250
000072014110100200030250
000072014110100200070250
000072014110200200010250
000072014110200200060250
000072014110300200090250
000072014110300200020250
000072014120100200040250
000072014120100200110250
000072014120200200100250
000072014120200200130250
000072014120300200140250
000072014120300200050250
000072015010100200120250
000072015010100200080250
000072015010200200030250
000072015010200200070250
000072015010300200010250
000072015010300200060250
000072015020100200090250
000072015020100200020250
000072015020200200040250
000072015020200200110250
000072015020300200100250
000072015020300200130250
000072015030100200140250
000072015030100200050250
000072015030200200120250
000072015030200200080250
000072015030300200030250
000072015030300200070250
000072015040100200010250
000072015040100200060250
000072015040200200090250
000072015040200200020250
000072015040300200040250
000072015040300200110250
000072015050100200100250
000072015050100200130250
000072015050200200140250
000072015050200200050250
000072015050300200120250
000072015050300200080250
000072015060100200030250
000072015060100200070250
000072015060200200010250
000072015060200200060250
000072015060300200090250
000072015060300200020250
000072015070100200040250
000072015070100200110250
000072015070200200100250
000072015070200200130250
000072015070300200140250
000072015070300200050250
000072015080100200120250
000072015080100200080250
000072015080200200030250
000072015080200200070250
000072015080300200010250
000072015080300200060250
000072015090100200090250
000072015090100200020250
000072015090200200040250
000072015090200200110250
000072015090300200100250
000072015090300200130250
000072015100100200140250
000072015100100200050250
000072015100200200120250
000072015100200200080250
000072015100300200030250
000072015100300200070250
000072015110100200010250
000072015110100200060250
000072015110200200090250
000072015110200200020250
000072015110300200040250
000072015110300200110250
000072015120100200100250
000072015120100200130250
000072015120200200140250
000072015120200200050250
000072015120300200120250
000072015120300200080250
000072016010100200030250
000072016010100200070250
000072016010200200010250
000072016010200200060250
000072016010300200090250
000072016010300200020250
000072016020100200040250
000072016020100200110250
000072016020200200100250
000072016020200200130250
000072016020300200140250
000072016020300200050250
000072016030100200120250
000072016030100200080250
000072016030200200030250
000072016030200200070250
000072016030300200010250
000072016030300200060250
000072016040100200090250
000072016040100200020250
000072016040200200040250
000072016040200200110250
000072016040300200100250
000072016040300200130250
000072016050100200140250
000072016050100200050250
000072016050200200120250
000072016050200200080250
000072016050300200030250
000072016050300200070250
000072016060100200010250
000072016060100200060250
000072016060200200090250
000072016060200200020250
000072016060300200040250
000072016060300200110250
000072016070100200100250
000072016070100200130250
000072016070200200140250
000072016070200200050250
000072016070300200120250
000072016070300200080250
000072016080100200030250
000072016080100200070250
000072016080200200010250
000072016080200200060250
000072016080300200090250
000072016080300200020250
000072016090100200040250
000072016090100200110250
000072016090200200100250
000072016090200200130250
000072016090300200140250
000072016090300200050250
000072016100100200120250
000072016100100200080250
000072016100200200030250
000072016100200200070250
000072016100300200010250
000072016100300200060250
000072016110100200090250
000072016110100200020250
000072016110200200040250
000072016110200200110250
000072016110300200100250
000072016110300200130250
000072016120100200140250
000072016120100200050250
000072016120200200120250
000072016120200200080250
000072016120300200030250
000072016120300200070250
000092012010100200010250
000092012010100200060250
000092012010200200090250
000092012010200200020250
000092012010300200040250
000092012010300200110250
000092012020100200100250
000092012020100200130250
000092012020200200140250
000092012020200200050250
000092012020300200120250
000092012020300200080250
000092012030100200030250
000092012030100200070250
000092012030200200010250
000092012030200200060250
000092012030300200090250
000092012030300200020250
000092012040100200040250
000092012040100200110250
000092012040200200100250
000092012040200200130250
000092012040300200140250
000092012040300200050250
000092012050100200120250
000092012050100200080250
000092012050200200030250
000092012050200200070250
000092012050300200010250
000092012050300200060250
000092012060100200090250
000092012060100200020250
000092012060200200040250
000092012060200200110250
000092012060300200100250
000092012060300200130250
000092012070100200140250
000092012070100200050250
000092012070200200120250
000092012070200200080250
000092012070300200030250
000092012070300200070250
000092012080100200010250
000092012080100200060250
000092012080200200090250
000092012080200200020250
000092012080300200040250
000092012080300200110250
000092012090100200100250
000092012090100200130250
000092012090200200140250
000092012090200200050250
000092012090300200120250
000092012090300200080250
000092012100100200030250
000092012100100200070250
000092012100200200010250
000092012100200200060250
000092012100300200090250
000092012100300200020250
000092012110100200040250
000092012110100200110250
000092012110200200100250
000092012110200200130250
000092012110300200140250
000092012110300200050250
000092012120100200120250
000092012120100200080250
000092012120200200030250
000092012120200200070250
000092012120300200010250
000092012120300200060250
000092013010100200090250
000092013010100200020250
000092013010200200040250
000092013010200200110250
000092013010300200100250
000092013010300200130250
000092013020100200140250
000092013020100200050250
000092013020200200120250
000092013020200200080250
000092013020300200030250
000092013020300200070250
000092013030100200010250
000092013030100200060250
000092013030200200090250
000092013030200200020250
000092013030300200040250
000092013030300200110250
000092013040100200100250
000092013040100200130250
000092013040200200140250
000092013040200200050250
000092013040300200120250
000092013040300200080250
000092013050100200030250
000092013050100200070250
000092013050200200010250
000092013050200200060250
000092013050300200090250
000092013050300200020250
000092013060100200040250
000092013060100200110250
000092013060200200100250
000092013060200200130250
000092013060300200140250
000092013060300200050250
000092013070100200120250
000092013070100200080250
000092013070200200030250
000092013070200200070250
000092013070300200010250
000092013070300200060250
000092013080100200090250
000092013080100200020250
000092013080200200040250
000092013080200200110250
000092013080300200100250
000092013080300200130250
000092013090100200140250
000092013090100200050250
000092013090200200120250
000092013090200200080250
000092013090300200030250
000092013090300200070250
000092013100100200010250
000092013100100200060250
000092013100200200090250
000092013100200200020250
000092013100300200040250
000092013100300200110250
000092013110100200100250
000092013110100200130250
000092013110200200140250
000092013110200200050250
000092013110300200120250
000092013110300200080250
000092013120100200030250
000092013120100200070250
000092013120200200010250
000092013120200200060250
000092013120300200090250
000092013120300200020250
000092014010100200040250
000092014010100200110250
000092014010200200100250
000092014010200200130250
000092014010300200140250
000092014010300200050250
000092014020100200120250
000092014020100200080250
000092014020200200030250
000092014020200200070250
000092014020300200010250
000092014020300200060250
000092014030100200090250
000092014030100200020250
000092014030200200040250
000092014030200200110250
000092014030300200100250
000092014030300200130250
000092014040100200140250
000092014040100200050250
000092014040200200120250
000092014040200200080250
000092014040300200030250
000092014040300200070250
000092014050100200010250
000092014050100200060250
000092014050200200090250
000092014050200200020250
000092014050300200040250
000092014050300200110250
000092014060100200100250
000092014060100200130250
000092014060200200140250
000092014060200200050250
000092014060300200120250
000092014060300200080250
000092014070100200030250
000092014070100200070250
000092014070200200010250
000092014070200200060250
000092014070300200090250
000092014070300200020250
000092014080100200040250
000092014080100200110250
000092014080200200100250
000092014080200200130250
000092014080300200140250
000092014080300200050250
000092014090100200120250
000092014090100200080250
000092014090200200030250
000092014090200200070250
000092014090300200010250
000092014090300200060250
000092014100100200090250
000092014100100200020250
000092014100200200040250
000092014100200200110250
000092014100300200100250
000092014100300200130250
000092014110100200140250
000092014110100200050250
000092014110200200120250
000092014110200200080250
000092014110300200030250
000092014110300200070250
000092014120100200010250
000092014120100200060250
000092014120200200090250
000092014120200200020250
000092014120300200040250
000092014120300200110250
000092015010100200100250
000092015010100200130250
000092015010200200140250
000092015010200200050250
000092015010300200120250
000092015010300200080250
000092015020100200030250
000092015020100200070250
000092015020200200010250
000092015020200200060250
000092015020300200090250
000092015020300200020250
000092015030100200040250
000092015030100200110250
000092015030200200100250
000092015030200200130250
000092015030300200140250
000092015030300200050250
000092015040100200120250
000092015040100200080250
000092015040200200030250
000092015040200200070250
000092015040300200010250
000092015040300200060250
000092015050100200090250
000092015050100200020250
000092015050200200040250
000092015050200200110250
000092015050300200100250
000092015050300200130250
000092015060100200140250
000092015060100200050250
000092015060200200120250
000092015060200200080250
000092015060300200030250
000092015060300200070250
000092015070100200010250
000092015070100200060250
000092015070200200090250
000092015070200200020250
000092015070300200040250
000092015070300200110250
000092015080100200100250
000092015080100200130250
000092015080200200140250
000092015080200200050250
000092015080300200120250
000092015080300200080250
000092015090100200030250
000092015090100200070250
000092015090200200010250
000092015090200200060250
000092015090300200090250
000092015090300200020250
000092015100100200040250
000092015100100200110250
000092015100200200100250
000092015100200200130250
000092015100300200140250
000092015100300200050250
000092015110100200120250
000092015110100200080250
000092015110200200030250
000092015110200200070250
000092015110300200010250
000092015110300200060250
000092015120100200090250
000092015120100200020250
000092015120200200040250
000092015120200200110250
000092015120300200100250
000092015120300200130250
000092016010100200140250
000092016010100200050250
000092016010200200120250
000092016010200200080250
000092016010300200030250
000092016010300200070250
000092016020100200010250
000092016020100200060250
000092016020200200090250
000092016020200200020250
000092016020300200040250
000092016020300200110250
000092016030100200100250
000092016030100200130250
000092016030200200140250
000092016030200200050250
000092016030300200120250
000092016030300200080250
000092016040100200030250
000092016040100200070250
000092016040200200010250
000092016040200200060250
000092016040300200090250
000092016040300200020250
000092016050100200040250
000092016050100200110250
000092016050200200100250
000092016050200200130250
000092016050300200140250
000092016050300200050250
000092016060100200120250
000092016060100200080250
000092016060200200030250
000092016060200200070250
000092016060300200010250
000092016060300200060250
000092016070100200090250
000092016070100200020250
000092016070200200040250
000092016070200200110250
000092016070300200100250
000092016070300200130250
000092016080100200140250
000092016080100200050250
000092016080200200120250
000092016080200200080250
000092016080300200030250
000092016080300200070250
000092016090100200010250
000092016090100200060250
000092016090200200090250
000092016090200200020250
000092016090300200040250
000092016090300200110250
000092016100100200100250
000092016100100200130250
000092016100200200140250
000092016100200200050250
000092016100300200120250
000092016100300200080250
000092016110100200030250
000092016110100200070250
000092016110200200010250
000092016110200200060250
000092016110300200090250
000092016110300200020250
000092016120100200040250
000092016120100200110250
000092016120200200100250
000092016120200200130250
000092016120300200140250
000092016120300200050250
