000012012010100300100250
000012012010100300130250
000012012010200300140250
000012012010200300050250
000012012010300300120250
000012012010300300080250
000012012020100300030250
000012012020100300070250
000012012020200300010250
000012012020200300060250
000012012020300300090250
000012012020300300020250
000012012030100300040250
000012012030100300110250
000012012030200300100250
000012012030200300130250
000012012030300300140250
000012012030300300050250
000012012040100300120250
000012012040100300080250
000012012040200300030250
000012012040200300070250
000012012040300300010250
000012012040300300060250
000012012050100300090250
000012012050100300020250
000012012050200300040250
000012012050200300110250
000012012050300300100250
000012012050300300130250
000012012060100300140250
000012012060100300050250
000012012060200300120250
000012012060200300080250
000012012060300300030250
000012012060300300070250
000012012070100300010250
000012012070100300060250
000012012070200300090250
000012012070200300020250
000012012070300300040250
000012012070300300110250
000012012080100300100250
000012012080100300130250
000012012080200300140250
000012012080200300050250
000012012080300300120250
000012012080300300080250
000012012090100300030250
000012012090100300070250
000012012090200300010250
000012012090200300060250
000012012090300300090250
000012012090300300020250
000012012100100300040250
000012012100100300110250
000012012100200300100250
000012012100200300130250
000012012100300300140250
000012012100300300050250
000012012110100300120250
000012012110100300080250
000012012110200300030250
000012012110200300070250
000012012110300300010250
000012012110300300060250
000012012120100300090250
000012012120100300020250
000012012120200300040250
000012012120200300110250
000012012120300300100250
000012012120300300130250
000012013010100300140250
000012013010100300050250
000012013010200300120250
000012013010200300080250
000012013010300300030250
000012013010300300070250
000012013020100300010250
000012013020100300060250
000012013020200300090250
000012013020200300020250
000012013020300300040250
000012013020300300110250
000012013030100300100250
000012013030100300130250
000012013030200300140250
000012013030200300050250
000012013030300300120250
000012013030300300080250
000012013040100300030250
000012013040100300070250
000012013040200300010250
000012013040200300060250
000012013040300300090250
000012013040300300020250
000012013050100300040250
000012013050100300110250
000012013050200300100250
000012013050200300130250
000012013050300300140250
000012013050300300050250
000012013060100300120250
000012013060100300080250
000012013060200300030250
000012013060200300070250
000012013060300300010250
000012013060300300060250
000012013070100300090250
000012013070100300020250
000012013070200300040250
000012013070200300110250
000012013070300300100250
000012013070300300130250
000012013080100300140250
000012013080100300050250
000012013080200300120250
000012013080200300080250
000012013080300300030250
000012013080300300070250
000012013090100300010250
000012013090100300060250
000012013090200300090250
000012013090200300020250
000012013090300300040250
000012013090300300110250
000012013100100300100250
000012013100100300130250
000012013100200300140250
000012013100200300050250
000012013100300300120250
000012013100300300080250
000012013110100300030250
000012013110100300070250
000012013110200300010250
000012013110200300060250
000012013110300300090250
000012013110300300020250
000012013120100300040250
000012013120100300110250
000012013120200300100250
000012013120200300130250
000012013120300300140250
000012013120300300050250
000012014010100300120250
000012014010100300080250
000012014010200300030250
000012014010200300070250
000012014010300300010250
000012014010300300060250
000012014020100300090250
000012014020100300020250
000012014020200300040250
000012014020200300110250
000012014020300300100250
000012014020300300130250
000012014030100300140250
000012014030100300050250
000012014030200300120250
000012014030200300080250
000012014030300300030250
000012014030300300070250
000012014040100300010250
000012014040100300060250
000012014040200300090250
000012014040200300020250
000012014040300300040250
000012014040300300110250
000012014050100300100250
000012014050100300130250
000012014050200300140250
000012014050200300050250
000012014050300300120250
000012014050300300080250
000012014060100300030250
000012014060100300070250
000012014060200300010250
000012014060200300060250
000012014060300300090250
000012014060300300020250
000012014070100300040250
000012014070100300110250
000012014070200300100250
000012014070200300130250
000012014070300300140250
000012014070300300050250
000012014080100300120250
000012014080100300080250
000012014080200300030250
000012014080200300070250
000012014080300300010250
000012014080300300060250
000012014090100300090250
000012014090100300020250
000012014090200300040250
000012014090200300110250
000012014090300300100250
000012014090300300130250
000012014100100300140250
000012014100100300050250
000012014100200300120250
000012014100200300080250
000012014100300300030250
000012014100300300070250
000012014110100300010250
000012014110100300060250
000012014110200300090250
000012014110200300020250
000012014110300300040250
000012014110300300110250
000012014120100300100250
000012014120100300130250
000012014120200300140250
000012014120200300050250
000012014120300300120250
000012014120300300080250
000012015010100300030250
000012015010100300070250
000012015010200300010250
000012015010200300060250
000012015010300300090250
000012015010300300020250
000012015020100300040250
000012015020100300110250
000012015020200300100250
000012015020200300130250
000012015020300300140250
000012015020300300050250
000012015030100300120250
000012015030100300080250
000012015030200300030250
000012015030200300070250
000012015030300300010250
000012015030300300060250
000012015040100300090250
000012015040100300020250
000012015040200300040250
000012015040200300110250
000012015040300300100250
000012015040300300130250
000012015050100300140250
000012015050100300050250
000012015050200300120250
000012015050200300080250
000012015050300300030250
000012015050300300070250
000012015060100300010250
000012015060100300060250
000012015060200300090250
000012015060200300020250
000012015060300300040250
000012015060300300110250
000012015070100300100250
000012015070100300130250
000012015070200300140250
000012015070200300050250
000012015070300300120250
000012015070300300080250
000012015080100300030250
000012015080100300070250
000012015080200300010250
000012015080200300060250
000012015080300300090250
000012015080300300020250
000012015090100300040250
000012015090100300110250
000012015090200300100250
000012015090200300130250
000012015090300300140250
000012015090300300050250
000012015100100300120250
000012015100100300080250
000012015100200300030250
000012015100200300070250
000012015100300300010250
000012015100300300060250
000012015110100300090250
000012015110100300020250
000012015110200300040250
000012015110200300110250
000012015110300300100250
000012015110300300130250
000012015120100300140250
000012015120100300050250
000012015120200300120250
000012015120200300080250
000012015120300300030250
000012015120300300070250
000012016010100300010250
000012016010100300060250
000012016010200300090250
000012016010200300020250
000012016010300300040250
000012016010300300110250
000012016020100300100250
000012016020100300130250
000012016020200300140250
000012016020200300050250
000012016020300300120250
000012016020300300080250
000012016030100300030250
000012016030100300070250
000012016030200300010250
000012016030200300060250
000012016030300300090250
000012016030300300020250
000012016040100300040250
000012016040100300110250
000012016040200300100250
000012016040200300130250
000012016040300300140250
000012016040300300050250
000012016050100300120250
000012016050100300080250
000012016050200300030250
000012016050200300070250
000012016050300300010250
000012016050300300060250
000012016060100300090250
000012016060100300020250
000012016060200300040250
000012016060200300110250
000012016060300300100250
000012016060300300130250
000012016070100300140250
000012016070100300050250
000012016070200300120250
000012016070200300080250
000012016070300300030250
000012016070300300070250
000012016080100300010250
000012016080100300060250
000012016080200300090250
000012016080200300020250
000012016080300300040250
000012016080300300110250
000012016090100300100250
000012016090100300130250
000012016090200300140250
000012016090200300050250
000012016090300300120250
000012016090300300080250
000012016100100300030250
000012016100100300070250
000012016100200300010250
000012016100200300060250
000012016100300300090250
000012016100300300020250
000012016110100300040250
000012016110100300110250
000012016110200300100250
000012016110200300130250
000012016110300300140250
000012016110300300050250
000012016120100300120250
000012016120100300080250
000012016120200300030250
000012016120200300070250
000012016120300300010250
000012016120300300060250
000032012010100300090250
000032012010100300020250
000032012010200300040250
000032012010200300110250
000032012010300300100250
000032012010300300130250
000032012020100300140250
000032012020100300050250
000032012020200300120250
000032012020200300080250
000032012020300300030250
000032012020300300070250
000032012030100300010250
000032012030100300060250
000032012030200300090250
000032012030200300020250
000032012030300300040250
000032012030300300110250
000032012040100300100250
000032012040100300130250
000032012040200300140250
000032012040200300050250
000032012040300300120250
000032012040300300080250
000032012050100300030250
000032012050100300070250
000032012050200300010250
000032012050200300060250
000032012050300300090250
000032012050300300020250
000032012060100300040250
000032012060100300110250
000032012060200300100250
000032012060200300130250
000032012060300300140250
000032012060300300050250
000032012070100300120250
000032012070100300080250
000032012070200300030250
000032012070200300070250
000032012070300300010250
000032012070300300060250
000032012080100300090250
000032012080100300020250
000032012080200300040250
000032012080200300110250
000032012080300300100250
000032012080300300130250
000032012090100300140250
000032012090100300050250
000032012090200300120250
000032012090200300080250
000032012090300300030250
000032012090300300070250
000032012100100300010250
000032012100100300060250
000032012100200300090250
000032012100200300020250
000032012100300300040250
000032012100300300110250
000032012110100300100250
000032012110100300130250
000032012110200300140250
000032012110200300050250
000032012110300300120250
000032012110300300080250
000032012120100300030250
000032012120100300070250
000032012120200300010250
000032012120200300060250
000032012120300300090250
000032012120300300020250
000032013010100300040250
000032013010100300110250
000032013010200300100250
000032013010200300130250
000032013010300300140250
000032013010300300050250
000032013020100300120250
000032013020100300080250
000032013020200300030250
000032013020200300070250
000032013020300300010250
000032013020300300060250
000032013030100300090250
000032013030100300020250
000032013030200300040250
000032013030200300110250
000032013030300300100250
000032013030300300130250
000032013040100300140250
000032013040100300050250
000032013040200300120250
000032013040200300080250
000032013040300300030250
000032013040300300070250
000032013050100300010250
000032013050100300060250
000032013050200300090250
000032013050200300020250
000032013050300300040250
000032013050300300110250
000032013060100300100250
000032013060100300130250
000032013060200300140250
000032013060200300050250
000032013060300300120250
000032013060300300080250
000032013070100300030250
000032013070100300070250
000032013070200300010250
000032013070200300060250
000032013070300300090250
000032013070300300020250
000032013080100300040250
000032013080100300110250
000032013080200300100250
000032013080200300130250
000032013080300300140250
000032013080300300050250
000032013090100300120250
000032013090100300080250
000032013090200300030250
000032013090200300070250
000032013090300300010250
000032013090300300060250
000032013100100300090250
000032013100100300020250
000032013100200300040250
000032013100200300110250
000032013100300300100250
000032013100300300130250
000032013110100300140250
000032013110100300050250
000032013110200300120250
000032013110200300080250
000032013110300300030250
000032013110300300070250
000032013120100300010250
000032013120100300060250
000032013120200300090250
000032013120200300020250
000032013120300300040250
000032013120300300110250
000032014010100300100250
000032014010100300130250
000032014010200300140250
000032014010200300050250
000032014010300300120250
000032014010300300080250
000032014020100300030250
000032014020100300070250
000032014020200300010250
000032014020200300060250
000032014020300300090250
000032014020300300020250
000032014030100300040250
000032014030100300110250
000032014030200300100250
000032014030200300130250
000032014030300300140250
000032014030300300050250
000032014040100300120250
000032014040100300080250
000032014040200300030250
000032014040200300070250
000032014040300300010250
000032014040300300060250
000032014050100300090250
000032014050100300020250
000032014050200300040250
000032014050200300110250
000032014050300300100250
000032014050300300130250
000032014060100300140250
000032014060100300050250
000032014060200300120250
000032014060200300080250
000032014060300300030250
000032014060300300070250
000032014070100300010250
000032014070100300060250
000032014070200300090250
000032014070200300020250
000032014070300300040250
000032014070300300110250
000032014080100300100250
000032014080100300130250
000032014080200300140250
000032014080200300050250
000032014080300300120250
000032014080300300080250
000032014090100300030250
000032014090100300070250
000032014090200300010250
000032014090200300060250
000032014090300300090250
000032014090300300020250
000032014100100300040250
000032014100100300110250
000032014100200300100250
000032014100200300130250
000032014100300300140250
000032014100300300050250
000032014110100300120250
000032014110100300080250
000032014110200300030250
000032014110200300070250
000032014110300300010250
000032014110300300060250
000032014120100300090250
000032014120100300020250
000032014120200300040250
000032014120200300110250
000032014120300300100250
000032014120300300130250
000032015010100300140250
000032015010100300050250
000032015010200300120250
000032015010200300080250
000032015010300300030250
000032015010300300070250
000032015020100300010250
000032015020100300060250
000032015020200300090250
000032015020200300020250
000032015020300300040250
000032015020300300110250
000032015030100300100250
000032015030100300130250
000032015030200300140250
000032015030200300050250
000032015030300300120250
000032015030300300080250
000032015040100300030250
000032015040100300070250
000032015040200300010250
000032015040200300060250
000032015040300300090250
000032015040300300020250
000032015050100300040250
000032015050100300110250
000032015050200300100250
000032015050200300130250
000032015050300300140250
000032015050300300050250
000032015060100300120250
000032015060100300080250
000032015060200300030250
000032015060200300070250
000032015060300300010250
000032015060300300060250
000032015070100300090250
000032015070100300020250
000032015070200300040250
000032015070200300110250
000032015070300300100250
000032015070300300130250
000032015080100300140250
000032015080100300050250
000032015080200300120250
000032015080200300080250
000032015080300300030250
000032015080300300070250
000032015090100300010250
000032015090100300060250
000032015090200300090250
000032015090200300020250
000032015090300300040250
000032015090300300110250
000032015100100300100250
000032015100100300130250
000032015100200300140250
000032015100200300050250
000032015100300300120250
000032015100300300080250
000032015110100300030250
000032015110100300070250
000032015110200300010250
000032015110200300060250
000032015110300300090250
000032015110300300020250
000032015120100300040250
000032015120100300110250
000032015120200300100250
000032015120200300130250
000032015120300300140250
000032015120300300050250
000032016010100300120250
000032016010100300080250
000032016010200300030250
000032016010200300070250
000032016010300300010250
000032016010300300060250
000032016020100300090250
000032016020100300020250
000032016020200300040250
000032016020200300110250
000032016020300300100250
000032016020300300130250
000032016030100300140250
000032016030100300050250
000032016030200300120250
000032016030200300080250
000032016030300300030250
000032016030300300070250
000032016040100300010250
000032016040100300060250
000032016040200300090250
000032016040200300020250
000032016040300300040250
000032016040300300110250
000032016050100300100250
000032016050100300130250
000032016050200300140250
000032016050200300050250
000032016050300300120250
000032016050300300080250
000032016060100300030250
000032016060100300070250
000032016060200300010250
000032016060200300060250
000032016060300300090250
000032016060300300020250
000032016070100300040250
000032016070100300110250
000032016070200300100250
000032016070200300130250
000032016070300300140250
000032016070300300050250
000032016080100300120250
000032016080100300080250
000032016080200300030250
000032016080200300070250
000032016080300300010250
000032016080300300060250
000032016090100300090250
000032016090100300020250
000032016090200300040250
000032016090200300110250
000032016090300300100250
000032016090300300130250
000032016100100300140250
000032016100100300050250
000032016100200300120250
000032016100200300080250
000032016100300300030250
000032016100300300070250
000032016110100300010250
000032016110100300060250
000032016110200300090250
000032016110200300020250
000032016110300300040250
000032016110300300110250
000032016120100300100250
000032016120100300130250
000032016120200300140250
000032016120200300050250
000032016120300300120250
000032016120300300080250
000052012010100300030250
000052012010100300070250
000052012010200300010250
000052012010200300060250
000052012010300300090250
000052012010300300020250
000052012020100300040250
000052012020100300110250
000052012020200300100250
000052012020200300130250
000052012020300300140250
000052012020300300050250
000052012030100300120250
000052012030100300080250
000052012030200300030250
000052012030200300070250
000052012030300300010250
000052012030300300060250
000052012040100300090250
000052012040100300020250
000052012040200300040250
000052012040200300110250
000052012040300300100250
000052012040300300130250
000052012050100300140250
000052012050100300050250
000052012050200300120250
000052012050200300080250
000052012050300300030250
000052012050300300070250
000052012060100300010250
000052012060100300060250
000052012060200300090250
000052012060200300020250
000052012060300300040250
000052012060300300110250
000052012070100300100250
000052012070100300130250
000052012070200300140250
000052012070200300050250
000052012070300300120250
000052012070300300080250
000052012080100300030250
000052012080100300070250
000052012080200300010250
000052012080200300060250
000052012080300300090250
000052012080300300020250
000052012090100300040250
000052012090100300110250
000052012090200300100250
000052012090200300130250
000052012090300300140250
000052012090300300050250
000052012100100300120250
000052012100100300080250
000052012100200300030250
000052012100200300070250
000052012100300300010250
000052012100300300060250
000052012110100300090250
000052012110100300020250
000052012110200300040250
000052012110200300110250
000052012110300300100250
000052012110300300130250
000052012120100300140250
000052012120100300050250
000052012120200300120250
000052012120200300080250
000052012120300300030250
000052012120300300070250
000052013010100300010250
000052013010100300060250
000052013010200300090250
000052013010200300020250
000052013010300300040250
000052013010300300110250
000052013020100300100250
000052013020100300130250
000052013020200300140250
000052013020200300050250
000052013020300300120250
000052013020300300080250
000052013030100300030250
000052013030100300070250
000052013030200300010250
000052013030200300060250
000052013030300300090250
000052013030300300020250
000052013040100300040250
000052013040100300110250
000052013040200300100250
000052013040200300130250
000052013040300300140250
000052013040300300050250
000052013050100300120250
000052013050100300080250
000052013050200300030250
000052013050200300070250
000052013050300300010250
000052013050300300060250
000052013060100300090250
000052013060100300020250
000052013060200300040250
000052013060200300110250
000052013060300300100250
000052013060300300130250
000052013070100300140250
000052013070100300050250
000052013070200300120250
000052013070200300080250
000052013070300300030250
000052013070300300070250
000052013080100300010250
000052013080100300060250
000052013080200300090250
000052013080200300020250
000052013080300300040250
000052013080300300110250
000052013090100300100250
000052013090100300130250
000052013090200300140250
000052013090200300050250
000052013090300300120250
000052013090300300080250
000052013100100300030250
000052013100100300070250
000052013100200300010250
000052013100200300060250
000052013100300300090250
000052013100300300020250
000052013110100300040250
000052013110100300110250
000052013110200300100250
000052013110200300130250
000052013110300300140250
000052013110300300050250
000052013120100300120250
000052013120100300080250
000052013120200300030250
000052013120200300070250
000052013120300300010250
000052013120300300060250
000052014010100300090250
000052014010100300020250
000052014010200300040250
000052014010200300110250
000052014010300300100250
000052014010300300130250
000052014020100300140250
000052014020100300050250
000052014020200300120250
000052014020200300080250
000052014020300300030250
000052014020300300070250
000052014030100300010250
000052014030100300060250
000052014030200300090250
000052014030200300020250
000052014030300300040250
000052014030300300110250
000052014040100300100250
000052014040100300130250
000052014040200300140250
000052014040200300050250
000052014040300300120250
000052014040300300080250
000052014050100300030250
000052014050100300070250
000052014050200300010250
000052014050200300060250
000052014050300300090250
000052014050300300020250
000052014060100300040250
000052014060100300110250
000052014060200300100250
000052014060200300130250
000052014060300300140250
000052014060300300050250
000052014070100300120250
000052014070100300080250
000052014070200300030250
000052014070200300070250
000052014070300300010250
000052014070300300060250
000052014080100300090250
000052014080100300020250
000052014080200300040250
000052014080200300110250
000052014080300300100250
000052014080300300130250
000052014090100300140250
000052014090100300050250
000052014090200300120250
000052014090200300080250
000052014090300300030250
000052014090300300070250
000052014100100300010250
000052014100100300060250
000052014100200300090250
000052014100200300020250
000052014100300300040250
000052014100300300110250
000052014110100300100250
000052014110100300130250
000052014110200300140250
000052014110200300050250
000052014110300300120250
000052014110300300080250
000052014120100300030250
000052014120100300070250
000052014120200300010250
000052014120200300060250
000052014120300300090250
000052014120300300020250
000052015010100300040250
000052015010100300110250
000052015010200300100250
000052015010200300130250
000052015010300300140250
000052015010300300050250
000052015020100300120250
000052015020100300080250
000052015020200300030250
000052015020200300070250
000052015020300300010250
000052015020300300060250
000052015030100300090250
000052015030100300020250
000052015030200300040250
000052015030200300110250
000052015030300300100250
000052015030300300130250
000052015040100300140250
000052015040100300050250
000052015040200300120250
000052015040200300080250
000052015040300300030250
000052015040300300070250
000052015050100300010250
000052015050100300060250
000052015050200300090250
000052015050200300020250
000052015050300300040250
000052015050300300110250
000052015060100300100250
000052015060100300130250
000052015060200300140250
000052015060200300050250
000052015060300300120250
000052015060300300080250
000052015070100300030250
000052015070100300070250
000052015070200300010250
000052015070200300060250
000052015070300300090250
000052015070300300020250
000052015080100300040250
000052015080100300110250
000052015080200300100250
000052015080200300130250
000052015080300300140250
000052015080300300050250
000052015090100300120250
000052015090100300080250
000052015090200300030250
000052015090200300070250
000052015090300300010250
000052015090300300060250
000052015100100300090250
000052015100100300020250
000052015100200300040250
000052015100200300110250
000052015100300300100250
000052015100300300130250
000052015110100300140250
000052015110100300050250
000052015110200300120250
000052015110200300080250
000052015110300300030250
000052015110300300070250
000052015120100300010250
000052015120100300060250
000052015120200300090250
000052015120200300020250
000052015120300300040250
000052015120300300110250
000052016010100300100250
000052016010100300130250
000052016010200300140250
000052016010200300050250
000052016010300300120250
000052016010300300080250
000052016020100300030250
000052016020100300070250
000052016020200300010250
000052016020200300060250
000052016020300300090250
000052016020300300020250
000052016030100300040250
000052016030100300110250
000052016030200300100250
000052016030200300130250
000052016030300300140250
000052016030300300050250
000052016040100300120250
000052016040100300080250
000052016040200300030250
000052016040200300070250
000052016040300300010250
000052016040300300060250
000052016050100300090250
000052016050100300020250
000052016050200300040250
000052016050200300110250
000052016050300300100250
000052016050300300130250
000052016060100300140250
000052016060100300050250
000052016060200300120250
000052016060200300080250
000052016060300300030250
000052016060300300070250
000052016070100300010250
000052016070100300060250
000052016070200300090250
000052016070200300020250
000052016070300300040250
000052016070300300110250
000052016080100300100250
000052016080100300130250
000052016080200300140250
000052016080200300050250
000052016080300300120250
000052016080300300080250
000052016090100300030250
000052016090100300070250
000052016090200300010250
000052016090200300060250
000052016090300300090250
000052016090300300020250
000052016100100300040250
000052016100100300110250
000052016100200300100250
000052016100200300130250
000052016100300300140250
000052016100300300050250
000052016110100300120250
000052016110100300080250
000052016110200300030250
000052016110200300070250
000052016110300300010250
000052016110300300060250
000052016120100300090250
000052016120100300020250
000052016120200300040250
000052016120200300110250
000052016120300300100250
000052016120300300130250
000062012010100300140250
000062012010100300050250
000062012010200300120250
000062012010200300080250
000062012010300300030250
000062012010300300070250
000062012020100300010250
000062012020100300060250
000062012020200300090250
000062012020200300020250
000062012020300300040250
000062012020300300110250
000062012030100300100250
000062012030100300130250
000062012030200300140250
000062012030200300050250
000062012030300300120250
000062012030300300080250
000062012040100300030250
000062012040100300070250
000062012040200300010250
000062012040200300060250
000062012040300300090250
000062012040300300020250
000062012050100300040250
000062012050100300110250
000062012050200300100250
000062012050200300130250
000062012050300300140250
000062012050300300050250
000062012060100300120250
000062012060100300080250
000062012060200300030250
000062012060200300070250
000062012060300300010250
000062012060300300060250
000062012070100300090250
000062012070100300020250
000062012070200300040250
000062012070200300110250
000062012070300300100250
000062012070300300130250
000062012080100300140250
000062012080100300050250
000062012080200300120250
000062012080200300080250
000062012080300300030250
000062012080300300070250
000062012090100300010250
000062012090100300060250
000062012090200300090250
000062012090200300020250
000062012090300300040250
000062012090300300110250
000062012100100300100250
000062012100100300130250
000062012100200300140250
000062012100200300050250
000062012100300300120250
000062012100300300080250
000062012110100300030250
000062012110100300070250
000062012110200300010250
000062012110200300060250
000062012110300300090250
000062012110300300020250
000062012120100300040250
000062012120100300110250
000062012120200300100250
000062012120200300130250
000062012120300300140250
000062012120300300050250
000062013010100300120250
000062013010100300080250
000062013010200300030250
000062013010200300070250
000062013010300300010250
000062013010300300060250
000062013020100300090250
000062013020100300020250
000062013020200300040250
000062013020200300110250
000062013020300300100250
000062013020300300130250
000062013030100300140250
000062013030100300050250
000062013030200300120250
000062013030200300080250
000062013030300300030250
000062013030300300070250
000062013040100300010250
000062013040100300060250
000062013040200300090250
000062013040200300020250
000062013040300300040250
000062013040300300110250
000062013050100300100250
000062013050100300130250
000062013050200300140250
000062013050200300050250
000062013050300300120250
000062013050300300080250
000062013060100300030250
000062013060100300070250
000062013060200300010250
000062013060200300060250
000062013060300300090250
000062013060300300020250
000062013070100300040250
000062013070100300110250
000062013070200300100250
000062013070200300130250
000062013070300300140250
000062013070300300050250
000062013080100300120250
000062013080100300080250
000062013080200300030250
000062013080200300070250
000062013080300300010250
000062013080300300060250
000062013090100300090250
000062013090100300020250
000062013090200300040250
000062013090200300110250
000062013090300300100250
000062013090300300130250
000062013100100300140250
000062013100100300050250
000062013100200300120250
000062013100200300080250
000062013100300300030250
000062013100300300070250
000062013110100300010250
000062013110100300060250
000062013110200300090250
000062013110200300020250
000062013110300300040250
000062013110300300110250
000062013120100300100250
000062013120100300130250
000062013120200300140250
000062013120200300050250
000062013120300300120250
000062013120300300080250
000062014010100300030250
000062014010100300070250
000062014010200300010250
000062014010200300060250
000062014010300300090250
000062014010300300020250
000062014020100300040250
000062014020100300110250
000062014020200300100250
000062014020200300130250
000062014020300300140250
000062014020300300050250
000062014030100300120250
000062014030100300080250
000062014030200300030250
000062014030200300070250
000062014030300300010250
000062014030300300060250
000062014040100300090250
000062014040100300020250
000062014040200300040250
000062014040200300110250
000062014040300300100250
000062014040300300130250
000062014050100300140250
000062014050100300050250
000062014050200300120250
000062014050200300080250
000062014050300300030250
000062014050300300070250
000062014060100300010250
000062014060100300060250
000062014060200300090250
000062014060200300020250
000062014060300300040250
000062014060300300110250
000062014070100300100250
000062014070100300130250
000062014070200300140250
000062014070200300050250
000062014070300300120250
000062014070300300080250
000062014080100300030250
000062014080100300070250
000062014080200300010250
000062014080200300060250
000062014080300300090250
000062014080300300020250
000062014090100300040250
000062014090100300110250
000062014090200300100250
000062014090200300130250
000062014090300300140250
000062014090300300050250
000062014100100300120250
000062014100100300080250
000062014100200300030250
000062014100200300070250
000062014100300300010250
000062014100300300060250
000062014110100300090250
000062014110100300020250
000062014110200300040250
000062014110200300110250
000062014110300300100250
000062014110300300130250
000062014120100300140250
000062014120100300050250
000062014120200300120250
000062014120200300080250
000062014120300300030250
000062014120300300070250
000062015010100300010250
000062015010100300060250
000062015010200300090250
000062015010200300020250
000062015010300300040250
000062015010300300110250
000062015020100300100250
000062015020100300130250
000062015020200300140250
000062015020200300050250
000062015020300300120250
000062015020300300080250
000062015030100300030250
000062015030100300070250
000062015030200300010250
000062015030200300060250
000062015030300300090250
000062015030300300020250
000062015040100300040250
000062015040100300110250
000062015040200300100250
000062015040200300130250
000062015040300300140250
000062015040300300050250
000062015050100300120250
000062015050100300080250
000062015050200300030250
000062015050200300070250
000062015050300300010250
000062015050300300060250
000062015060100300090250
000062015060100300020250
000062015060200300040250
000062015060200300110250
000062015060300300100250
000062015060300300130250
000062015070100300140250
000062015070100300050250
000062015070200300120250
000062015070200300080250
000062015070300300030250
000062015070300300070250
000062015080100300010250
000062015080100300060250
000062015080200300090250
000062015080200300020250
000062015080300300040250
000062015080300300110250
000062015090100300100250
000062015090100300130250
000062015090200300140250
000062015090200300050250
000062015090300300120250
000062015090300300080250
000062015100100300030250
000062015100100300070250
000062015100200300010250
000062015100200300060250
000062015100300300090250
000062015100300300020250
000062015110100300040250
000062015110100300110250
000062015110200300100250
000062015110200300130250
000062015110300300140250
000062015110300300050250
000062015120100300120250
000062015120100300080250
000062015120200300030250
000062015120200300070250
000062015120300300010250
000062015120300300060250
000062016010100300090250
000062016010100300020250
000062016010200300040250
000062016010200300110250
000062016010300300100250
000062016010300300130250
000062016020100300140250
000062016020100300050250
000062016020200300120250
000062016020200300080250
000062016020300300030250
000062016020300300070250
000062016030100300010250
000062016030100300060250
000062016030200300090250
000062016030200300020250
000062016030300300040250
000062016030300300110250
000062016040100300100250
000062016040100300130250
000062016040200300140250
000062016040200300050250
000062016040300300120250
000062016040300300080250
000062016050100300030250
000062016050100300070250
000062016050200300010250
000062016050200300060250
000062016050300300090250
000062016050300300020250
000062016060100300040250
000062016060100300110250
000062016060200300100250
000062016060200300130250
000062016060300300140250
000062016060300300050250
000062016070100300120250
000062016070100300080250
000062016070200300030250
000062016070200300070250
000062016070300300010250
000062016070300300060250
000062016080100300090250
000062016080100300020250
000062016080200300040250
000062016080200300110250
000062016080300300100250
000062016080300300130250
000062016090100300140250
000062016090100300050250
000062016090200300120250
000062016090200300080250
000062016090300300030250
000062016090300300070250
000062016100100300010250
000062016100100300060250
000062016100200300090250
000062016100200300020250
000062016100300300040250
000062016100300300110250
000062016110100300100250
000062016110100300130250
000062016110200300140250
000062016110200300050250
000062016110300300120250
000062016110300300080250
000062016120100300030250
000062016120100300070250
000062016120200300010250
000062016120200300060250
000062016120300300090250
000062016120300300020250
000072012010100300040250
000072012010100300110250
000072012010200300100250
000072012010200300130250
000072012010300300140250
000072012010300300050250
000072012020100300120250
000072012020100300080250
000072012020200300030250
000072012020200300070250
000072012020300300010250
000072012020300300060250
000072012030100300090250
000072012030100300020250
000072012030200300040250
000072012030200300110250
000072012030300300100250
000072012030300300130250
000072012040100300140250
000072012040100300050250
000072012040200300120250
000072012040200300080250
000072012040300300030250
000072012040300300070250
000072012050100300010250
000072012050100300060250
000072012050200300090250
000072012050200300020250
000072012050300300040250
000072012050300300110250
000072012060100300100250
000072012060100300130250
000072012060200300140250
000072012060200300050250
000072012060300300120250
000072012060300300080250
000072012070100300030250
000072012070100300070250
000072012070200300010250
000072012070200300060250
000072012070300300090250
000072012070300300020250
000072012080100300040250
000072012080100300110250
000072012080200300100250
000072012080200300130250
000072012080300300140250
000072012080300300050250
000072012090100300120250
000072012090100300080250
000072012090200300030250
000072012090200300070250
000072012090300300010250
000072012090300300060250
000072012100100300090250
000072012100100300020250
000072012100200300040250
000072012100200300110250
000072012100300300100250
000072012100300300130250
000072012110100300140250
000072012110100300050250
000072012110200300120250
000072012110200300080250
000072012110300300030250
000072012110300300070250
000072012120100300010250
000072012120100300060250
000072012120200300090250
000072012120200300020250
000072012120300300040250
000072012120300300110250
000072013010100300100250
000072013010100300130250
000072013010200300140250
000072013010200300050250
000072013010300300120250
000072013010300300080250
000072013020100300030250
000072013020100300070250
000072013020200300010250
000072013020200300060250
000072013020300300090250
000072013020300300020250
000072013030100300040250
000072013030100300110250
000072013030200300100250
000072013030200300130250
000072013030300300140250
000072013030300300050250
000072013040100300120250
000072013040100300080250
000072013040200300030250
000072013040200300070250
000072013040300300010250
000072013040300300060250
000072013050100300090250
000072013050100300020250
000072013050200300040250
000072013050200300110250
000072013050300300100250
000072013050300300130250
000072013060100300140250
000072013060100300050250
000072013060200300120250
000072013060200300080250
000072013060300300030250
000072013060300300070250
000072013070100300010250
000072013070100300060250
000072013070200300090250
000072013070200300020250
000072013070300300040250
000072013070300300110250
000072013080100300100250
000072013080100300130250
000072013080200300140250
000072013080200300050250
000072013080300300120250
000072013080300300080250
000072013090100300030250
000072013090100300070250
000072013090200300010250
000072013090200300060250
000072013090300300090250
000072013090300300020250
000072013100100300040250
000072013100100300110250
000072013100200300100250
000072013100200300130250
000072013100300300140250
000072013100300300050250
000072013110100300120250
000072013110100300080250
000072013110200300030250
000072013110200300070250
000072013110300300010250
000072013110300300060250
000072013120100300090250
000072013120100300020250
000072013120200300040250
000072013120200300110250
000072013120300300100250
000072013120300300130250
000072014010100300140250
000072014010100300050250
000072014010200300120250
000072014010200300080250
000072014010300300030250
000072014010300300070250
000072014020100300010250
000072014020100300060250
000072014020200300090250
000072014020200300020250
000072014020300300040250
000072014020300300110250
000072014030100300100250
000072014030100300130250
000072014030200300140250
000072014030200300050250
000072014030300300120250
000072014030300300080250
000072014040100300030250
000072014040100300070250
000072014040200300010250
000072014040200300060250
000072014040300300090250
000072014040300300020250
000072014050100300040250
000072014050100300110250
000072014050200300100250
000072014050200300130250
000072014050300300140250
000072014050300300050250
000072014060100300120250
000072014060100300080250
000072014060200300030250
000072014060200300070250
000072014060300300010250
000072014060300300060250
000072014070100300090250
000072014070100300020250
000072014070200300040250
000072014070200300110250
000072014070300300100250
000072014070300300130250
000072014080100300140250
000072014080100300050250
000072014080200300120250
000072014080200300080250
000072014080300300030250
000072014080300300070250
000072014090100300010250
000072014090100300060250
000072014090200300090250
000072014090200300020250
000072014090300300040250
000072014090300300110250
000072014100100300100250
000072014100100300130250
000072014100200300140250
000072014100200300050250
000072014100300300120250
000072014100300300080250
000072014110100300030250
000072014110100300070250
000072014110200300010250
000072014110200300060250
000072014110300300090250
000072014110300300020250
000072014120100300040250
000072014120100300110250
000072014120200300100250
000072014120200300130250
000072014120300300140250
000072014120300300050250
000072015010100300120250
000072015010100300080250
000072015010200300030250
000072015010200300070250
000072015010300300010250
000072015010300300060250
000072015020100300090250
000072015020100300020250
000072015020200300040250
000072015020200300110250
000072015020300300100250
000072015020300300130250
000072015030100300140250
000072015030100300050250
000072015030200300120250
000072015030200300080250
000072015030300300030250
000072015030300300070250
000072015040100300010250
000072015040100300060250
000072015040200300090250
000072015040200300020250
000072015040300300040250
000072015040300300110250
000072015050100300100250
000072015050100300130250
000072015050200300140250
000072015050200300050250
000072015050300300120250
000072015050300300080250
000072015060100300030250
000072015060100300070250
000072015060200300010250
000072015060200300060250
000072015060300300090250
000072015060300300020250
000072015070100300040250
000072015070100300110250
000072015070200300100250
000072015070200300130250
000072015070300300140250
000072015070300300050250
000072015080100300120250
000072015080100300080250
000072015080200300030250
000072015080200300070250
000072015080300300010250
000072015080300300060250
000072015090100300090250
000072015090100300020250
000072015090200300040250
000072015090200300110250
000072015090300300100250
000072015090300300130250
000072015100100300140250
000072015100100300050250
000072015100200300120250
000072015100200300080250
000072015100300300030250
000072015100300300070250
000072015110100300010250
000072015110100300060250
000072015110200300090250
000072015110200300020250
000072015110300300040250
000072015110300300110250
000072015120100300100250
000072015120100300130250
000072015120200300140250
000072015120200300050250
000072015120300300120250
000072015120300300080250
000072016010100300030250
000072016010100300070250
000072016010200300010250
000072016010200300060250
000072016010300300090250
000072016010300300020250
000072016020100300040250
000072016020100300110250
000072016020200300100250
000072016020200300130250
000072016020300300140250
000072016020300300050250
000072016030100300120250
000072016030100300080250
000072016030200300030250
000072016030200300070250
000072016030300300010250
000072016030300300060250
000072016040100300090250
000072016040100300020250
000072016040200300040250
000072016040200300110250
000072016040300300100250
000072016040300300130250
000072016050100300140250
000072016050100300050250
000072016050200300120250
000072016050200300080250
000072016050300300030250
000072016050300300070250
000072016060100300010250
000072016060100300060250
000072016060200300090250
000072016060200300020250
000072016060300300040250
000072016060300300110250
000072016070100300100250
000072016070100300130250
000072016070200300140250
000072016070200300050250
000072016070300300120250
000072016070300300080250
000072016080100300030250
000072016080100300070250
000072016080200300010250
000072016080200300060250
000072016080300300090250
000072016080300300020250
000072016090100300040250
000072016090100300110250
000072016090200300100250
000072016090200300130250
000072016090300300140250
000072016090300300050250
000072016100100300120250
000072016100100300080250
000072016100200300030250
000072016100200300070250
000072016100300300010250
000072016100300300060250
000072016110100300090250
000072016110100300020250
000072016110200300040250
000072016110200300110250
000072016110300300100250
000072016110300300130250
000072016120100300140250
000072016120100300050250
000072016120200300120250
000072016120200300080250
000072016120300300030250
000072016120300300070250
000092012010100300010250
000092012010100300060250
000092012010200300090250
000092012010200300020250
000092012010300300040250
000092012010300300110250
000092012020100300100250
000092012020100300130250
000092012020200300140250
000092012020200300050250
000092012020300300120250
000092012020300300080250
000092012030100300030250
000092012030100300070250
000092012030200300010250
000092012030200300060250
000092012030300300090250
000092012030300300020250
000092012040100300040250
000092012040100300110250
000092012040200300100250
000092012040200300130250
000092012040300300140250
000092012040300300050250
000092012050100300120250
000092012050100300080250
000092012050200300030250
000092012050200300070250
000092012050300300010250
000092012050300300060250
000092012060100300090250
000092012060100300020250
000092012060200300040250
000092012060200300110250
000092012060300300100250
000092012060300300130250
000092012070100300140250
000092012070100300050250
000092012070200300120250
000092012070200300080250
000092012070300300030250
000092012070300300070250
000092012080100300010250
000092012080100300060250
000092012080200300090250
000092012080200300020250
000092012080300300040250
000092012080300300110250
000092012090100300100250
000092012090100300130250
000092012090200300140250
000092012090200300050250
000092012090300300120250
000092012090300300080250
000092012100100300030250
000092012100100300070250
000092012100200300010250
000092012100200300060250
000092012100300300090250
000092012100300300020250
000092012110100300040250
000092012110100300110250
000092012110200300100250
000092012110200300130250
000092012110300300140250
000092012110300300050250
000092012120100300120250
000092012120100300080250
000092012120200300030250
000092012120200300070250
000092012120300300010250
000092012120300300060250
000092013010100300090250
000092013010100300020250
000092013010200300040250
000092013010200300110250
000092013010300300100250
000092013010300300130250
000092013020100300140250
000092013020100300050250
000092013020200300120250
000092013020200300080250
000092013020300300030250
000092013020300300070250
000092013030100300010250
000092013030100300060250
000092013030200300090250
000092013030200300020250
000092013030300300040250
000092013030300300110250
000092013040100300100250
000092013040100300130250
000092013040200300140250
000092013040200300050250
000092013040300300120250
000092013040300300080250
000092013050100300030250
000092013050100300070250
000092013050200300010250
000092013050200300060250
000092013050300300090250
000092013050300300020250
000092013060100300040250
000092013060100300110250
000092013060200300100250
000092013060200300130250
000092013060300300140250
000092013060300300050250
000092013070100300120250
000092013070100300080250
000092013070200300030250
000092013070200300070250
000092013070300300010250
000092013070300300060250
000092013080100300090250
000092013080100300020250
000092013080200300040250
000092013080200300110250
000092013080300300100250
000092013080300300130250
000092013090100300140250
000092013090100300050250
000092013090200300120250
000092013090200300080250
000092013090300300030250
000092013090300300070250
000092013100100300010250
000092013100100300060250
000092013100200300090250
000092013100200300020250
000092013100300300040250
000092013100300300110250
000092013110100300100250
000092013110100300130250
000092013110200300140250
000092013110200300050250
000092013110300300120250
000092013110300300080250
000092013120100300030250
000092013120100300070250
000092013120200300010250
000092013120200300060250
000092013120300300090250
000092013120300300020250
000092014010100300040250
000092014010100300110250
000092014010200300100250
000092014010200300130250
000092014010300300140250
000092014010300300050250
000092014020100300120250
000092014020100300080250
000092014020200300030250
000092014020200300070250
000092014020300300010250
000092014020300300060250
000092014030100300090250
000092014030100300020250
000092014030200300040250
000092014030200300110250
000092014030300300100250
000092014030300300130250
000092014040100300140250
000092014040100300050250
000092014040200300120250
000092014040200300080250
000092014040300300030250
000092014040300300070250
000092014050100300010250
000092014050100300060250
000092014050200300090250
000092014050200300020250
000092014050300300040250
000092014050300300110250
000092014060100300100250
000092014060100300130250
000092014060200300140250
000092014060200300050250
000092014060300300120250
000092014060300300080250
000092014070100300030250
000092014070100300070250
000092014070200300010250
000092014070200300060250
000092014070300300090250
000092014070300300020250
000092014080100300040250
000092014080100300110250
000092014080200300100250
000092014080200300130250
000092014080300300140250
000092014080300300050250
000092014090100300120250
000092014090100300080250
000092014090200300030250
000092014090200300070250
000092014090300300010250
000092014090300300060250
000092014100100300090250
000092014100100300020250
000092014100200300040250
000092014100200300110250
000092014100300300100250
000092014100300300130250
000092014110100300140250
000092014110100300050250
000092014110200300120250
000092014110200300080250
000092014110300300030250
000092014110300300070250
000092014120100300010250
000092014120100300060250
000092014120200300090250
000092014120200300020250
000092014120300300040250
000092014120300300110250
000092015010100300100250
000092015010100300130250
000092015010200300140250
000092015010200300050250
000092015010300300120250
000092015010300300080250
000092015020100300030250
000092015020100300070250
000092015020200300010250
000092015020200300060250
000092015020300300090250
000092015020300300020250
000092015030100300040250
000092015030100300110250
000092015030200300100250
000092015030200300130250
000092015030300300140250
000092015030300300050250
000092015040100300120250
000092015040100300080250
000092015040200300030250
000092015040200300070250
000092015040300300010250
000092015040300300060250
000092015050100300090250
000092015050100300020250
000092015050200300040250
000092015050200300110250
000092015050300300100250
000092015050300300130250
000092015060100300140250
000092015060100300050250
000092015060200300120250
000092015060200300080250
000092015060300300030250
000092015060300300070250
000092015070100300010250
000092015070100300060250
000092015070200300090250
000092015070200300020250
000092015070300300040250
000092015070300300110250
000092015080100300100250
000092015080100300130250
000092015080200300140250
000092015080200300050250
000092015080300300120250
000092015080300300080250
000092015090100300030250
000092015090100300070250
000092015090200300010250
000092015090200300060250
000092015090300300090250
000092015090300300020250
000092015100100300040250
000092015100100300110250
000092015100200300100250
000092015100200300130250
000092015100300300140250
000092015100300300050250
000092015110100300120250
000092015110100300080250
000092015110200300030250
000092015110200300070250
000092015110300300010250
000092015110300300060250
000092015120100300090250
000092015120100300020250
000092015120200300040250
000092015120200300110250
000092015120300300100250
000092015120300300130250
000092016010100300140250
000092016010100300050250
000092016010200300120250
000092016010200300080250
000092016010300300030250
000092016010300300070250
000092016020100300010250
000092016020100300060250
000092016020200300090250
000092016020200300020250
000092016020300300040250
000092016020300300110250
000092016030100300100250
000092016030100300130250
000092016030200300140250
000092016030200300050250
000092016030300300120250
000092016030300300080250
000092016040100300030250
000092016040100300070250
000092016040200300010250
000092016040200300060250
000092016040300300090250
000092016040300300020250
000092016050100300040250
000092016050100300110250
000092016050200300100250
000092016050200300130250
000092016050300300140250
000092016050300300050250
000092016060100300120250
000092016060100300080250
000092016060200300030250
000092016060200300070250
000092016060300300010250
000092016060300300060250
000092016070100300090250
000092016070100300020250
000092016070200300040250
000092016070200300110250
000092016070300300100250
000092016070300300130250
000092016080100300140250
000092016080100300050250
000092016080200300120250
000092016080200300080250
000092016080300300030250
000092016080300300070250
000092016090100300010250
000092016090100300060250
000092016090200300090250
000092016090200300020250
000092016090300300040250
000092016090300300110250
000092016100100300100250
000092016100100300130250
000092016100200300140250
000092016100200300050250
000092016100300300120250
000092016100300300080250
000092016110100300030250
000092016110100300070250
000092016110200300010250
000092016110200300060250
000092016110300300090250
000092016110300300020250
000092016120100300040250
000092016120100300110250
000092016120200300100250
000092016120200300130250
000092016120300300140250
000092016120300300050250
