000012012010100100100250
000012012010100100130250
000012012010200100140250
000012012010200100050250
000012012010300100120250
000012012010300100080250
000012012020100100030250
000012012020100100070250
000012012020200100010250
000012012020200100060250
000012012020300100090250
000012012020300100020250
000012012030100100040250
000012012030100100110250
000012012030200100100250
000012012030200100130250
000012012030300100140250
000012012030300100050250
000012012040100100120250
000012012040100100080250
000012012040200100030250
000012012040200100070250
000012012040300100010250
000012012040300100060250
000012012050100100090250
000012012050100100020250
000012012050200100040250
000012012050200100110250
000012012050300100100250
000012012050300100130250
000012012060100100140250
000012012060100100050250
000012012060200100120250
000012012060200100080250
000012012060300100030250
000012012060300100070250
000012012070100100010250
000012012070100100060250
000012012070200100090250
000012012070200100020250
000012012070300100040250
000012012070300100110250
000012012080100100100250
000012012080100100130250
000012012080200100140250
000012012080200100050250
000012012080300100120250
000012012080300100080250
000012012090100100030250
000012012090100100070250
000012012090200100010250
000012012090200100060250
000012012090300100090250
000012012090300100020250
000012012100100100040250
000012012100100100110250
000012012100200100100250
000012012100200100130250
000012012100300100140250
000012012100300100050250
000012012110100100120250
000012012110100100080250
000012012110200100030250
000012012110200100070250
000012012110300100010250
000012012110300100060250
000012012120100100090250
000012012120100100020250
000012012120200100040250
000012012120200100110250
000012012120300100100250
000012012120300100130250
000012013010100100140250
000012013010100100050250
000012013010200100120250
000012013010200100080250
000012013010300100030250
000012013010300100070250
000012013020100100010250
000012013020100100060250
000012013020200100090250
000012013020200100020250
000012013020300100040250
000012013020300100110250
000012013030100100100250
000012013030100100130250
000012013030200100140250
000012013030200100050250
000012013030300100120250
000012013030300100080250
000012013040100100030250
000012013040100100070250
000012013040200100010250
000012013040200100060250
000012013040300100090250
000012013040300100020250
000012013050100100040250
000012013050100100110250
000012013050200100100250
000012013050200100130250
000012013050300100140250
000012013050300100050250
000012013060100100120250
000012013060100100080250
000012013060200100030250
000012013060200100070250
000012013060300100010250
000012013060300100060250
000012013070100100090250
000012013070100100020250
000012013070200100040250
000012013070200100110250
000012013070300100100250
000012013070300100130250
000012013080100100140250
000012013080100100050250
000012013080200100120250
000012013080200100080250
000012013080300100030250
000012013080300100070250
000012013090100100010250
000012013090100100060250
000012013090200100090250
000012013090200100020250
000012013090300100040250
000012013090300100110250
000012013100100100100250
000012013100100100130250
000012013100200100140250
000012013100200100050250
000012013100300100120250
000012013100300100080250
000012013110100100030250
000012013110100100070250
000012013110200100010250
000012013110200100060250
000012013110300100090250
000012013110300100020250
000012013120100100040250
000012013120100100110250
000012013120200100100250
000012013120200100130250
000012013120300100140250
000012013120300100050250
000012014010100100120250
000012014010100100080250
000012014010200100030250
000012014010200100070250
000012014010300100010250
000012014010300100060250
000012014020100100090250
000012014020100100020250
000012014020200100040250
000012014020200100110250
000012014020300100100250
000012014020300100130250
000012014030100100140250
000012014030100100050250
000012014030200100120250
000012014030200100080250
000012014030300100030250
000012014030300100070250
000012014040100100010250
000012014040100100060250
000012014040200100090250
000012014040200100020250
000012014040300100040250
000012014040300100110250
000012014050100100100250
000012014050100100130250
000012014050200100140250
000012014050200100050250
000012014050300100120250
000012014050300100080250
000012014060100100030250
000012014060100100070250
000012014060200100010250
000012014060200100060250
000012014060300100090250
000012014060300100020250
000012014070100100040250
000012014070100100110250
000012014070200100100250
000012014070200100130250
000012014070300100140250
000012014070300100050250
000012014080100100120250
000012014080100100080250
000012014080200100030250
000012014080200100070250
000012014080300100010250
000012014080300100060250
000012014090100100090250
000012014090100100020250
000012014090200100040250
000012014090200100110250
000012014090300100100250
000012014090300100130250
000012014100100100140250
000012014100100100050250
000012014100200100120250
000012014100200100080250
000012014100300100030250
000012014100300100070250
000012014110100100010250
000012014110100100060250
000012014110200100090250
000012014110200100020250
000012014110300100040250
000012014110300100110250
000012014120100100100250
000012014120100100130250
000012014120200100140250
000012014120200100050250
000012014120300100120250
000012014120300100080250
000012015010100100030250
000012015010100100070250
000012015010200100010250
000012015010200100060250
000012015010300100090250
000012015010300100020250
000012015020100100040250
000012015020100100110250
000012015020200100100250
000012015020200100130250
000012015020300100140250
000012015020300100050250
000012015030100100120250
000012015030100100080250
000012015030200100030250
000012015030200100070250
000012015030300100010250
000012015030300100060250
000012015040100100090250
000012015040100100020250
000012015040200100040250
000012015040200100110250
000012015040300100100250
000012015040300100130250
000012015050100100140250
000012015050100100050250
000012015050200100120250
000012015050200100080250
000012015050300100030250
000012015050300100070250
000012015060100100010250
000012015060100100060250
000012015060200100090250
000012015060200100020250
000012015060300100040250
000012015060300100110250
000012015070100100100250
000012015070100100130250
000012015070200100140250
000012015070200100050250
000012015070300100120250
000012015070300100080250
000012015080100100030250
000012015080100100070250
000012015080200100010250
000012015080200100060250
000012015080300100090250
000012015080300100020250
000012015090100100040250
000012015090100100110250
000012015090200100100250
000012015090200100130250
000012015090300100140250
000012015090300100050250
000012015100100100120250
000012015100100100080250
000012015100200100030250
000012015100200100070250
000012015100300100010250
000012015100300100060250
000012015110100100090250
000012015110100100020250
000012015110200100040250
000012015110200100110250
000012015110300100100250
000012015110300100130250
000012015120100100140250
000012015120100100050250
000012015120200100120250
000012015120200100080250
000012015120300100030250
000012015120300100070250
000012016010100100010250
000012016010100100060250
000012016010200100090250
000012016010200100020250
000012016010300100040250
000012016010300100110250
000012016020100100100250
000012016020100100130250
000012016020200100140250
000012016020200100050250
000012016020300100120250
000012016020300100080250
000012016030100100030250
000012016030100100070250
000012016030200100010250
000012016030200100060250
000012016030300100090250
000012016030300100020250
000012016040100100040250
000012016040100100110250
000012016040200100100250
000012016040200100130250
000012016040300100140250
000012016040300100050250
000012016050100100120250
000012016050100100080250
000012016050200100030250
000012016050200100070250
000012016050300100010250
000012016050300100060250
000012016060100100090250
000012016060100100020250
000012016060200100040250
000012016060200100110250
000012016060300100100250
000012016060300100130250
000012016070100100140250
000012016070100100050250
000012016070200100120250
000012016070200100080250
000012016070300100030250
000012016070300100070250
000012016080100100010250
000012016080100100060250
000012016080200100090250
000012016080200100020250
000012016080300100040250
000012016080300100110250
000012016090100100100250
000012016090100100130250
000012016090200100140250
000012016090200100050250
000012016090300100120250
000012016090300100080250
000012016100100100030250
000012016100100100070250
000012016100200100010250
000012016100200100060250
000012016100300100090250
000012016100300100020250
000012016110100100040250
000012016110100100110250
000012016110200100100250
000012016110200100130250
000012016110300100140250
000012016110300100050250
000012016120100100120250
000012016120100100080250
000012016120200100030250
000012016120200100070250
000012016120300100010250
000012016120300100060250
000032012010100100090250
000032012010100100020250
000032012010200100040250
000032012010200100110250
000032012010300100100250
000032012010300100130250
000032012020100100140250
000032012020100100050250
000032012020200100120250
000032012020200100080250
000032012020300100030250
000032012020300100070250
000032012030100100010250
000032012030100100060250
000032012030200100090250
000032012030200100020250
000032012030300100040250
000032012030300100110250
000032012040100100100250
000032012040100100130250
000032012040200100140250
000032012040200100050250
000032012040300100120250
000032012040300100080250
000032012050100100030250
000032012050100100070250
000032012050200100010250
000032012050200100060250
000032012050300100090250
000032012050300100020250
000032012060100100040250
000032012060100100110250
000032012060200100100250
000032012060200100130250
000032012060300100140250
000032012060300100050250
000032012070100100120250
000032012070100100080250
000032012070200100030250
000032012070200100070250
000032012070300100010250
000032012070300100060250
000032012080100100090250
000032012080100100020250
000032012080200100040250
000032012080200100110250
000032012080300100100250
000032012080300100130250
000032012090100100140250
000032012090100100050250
000032012090200100120250
000032012090200100080250
000032012090300100030250
000032012090300100070250
000032012100100100010250
000032012100100100060250
000032012100200100090250
000032012100200100020250
000032012100300100040250
000032012100300100110250
000032012110100100100250
000032012110100100130250
000032012110200100140250
000032012110200100050250
000032012110300100120250
000032012110300100080250
000032012120100100030250
000032012120100100070250
000032012120200100010250
000032012120200100060250
000032012120300100090250
000032012120300100020250
000032013010100100040250
000032013010100100110250
000032013010200100100250
000032013010200100130250
000032013010300100140250
000032013010300100050250
000032013020100100120250
000032013020100100080250
000032013020200100030250
000032013020200100070250
000032013020300100010250
000032013020300100060250
000032013030100100090250
000032013030100100020250
000032013030200100040250
000032013030200100110250
000032013030300100100250
000032013030300100130250
000032013040100100140250
000032013040100100050250
000032013040200100120250
000032013040200100080250
000032013040300100030250
000032013040300100070250
000032013050100100010250
000032013050100100060250
000032013050200100090250
000032013050200100020250
000032013050300100040250
000032013050300100110250
000032013060100100100250
000032013060100100130250
000032013060200100140250
000032013060200100050250
000032013060300100120250
000032013060300100080250
000032013070100100030250
000032013070100100070250
000032013070200100010250
000032013070200100060250
000032013070300100090250
000032013070300100020250
000032013080100100040250
000032013080100100110250
000032013080200100100250
000032013080200100130250
000032013080300100140250
000032013080300100050250
000032013090100100120250
000032013090100100080250
000032013090200100030250
000032013090200100070250
000032013090300100010250
000032013090300100060250
000032013100100100090250
000032013100100100020250
000032013100200100040250
000032013100200100110250
000032013100300100100250
000032013100300100130250
000032013110100100140250
000032013110100100050250
000032013110200100120250
000032013110200100080250
000032013110300100030250
000032013110300100070250
000032013120100100010250
000032013120100100060250
000032013120200100090250
000032013120200100020250
000032013120300100040250
000032013120300100110250
000032014010100100100250
000032014010100100130250
000032014010200100140250
000032014010200100050250
000032014010300100120250
000032014010300100080250
000032014020100100030250
000032014020100100070250
000032014020200100010250
000032014020200100060250
000032014020300100090250
000032014020300100020250
000032014030100100040250
000032014030100100110250
000032014030200100100250
000032014030200100130250
000032014030300100140250
000032014030300100050250
000032014040100100120250
000032014040100100080250
000032014040200100030250
000032014040200100070250
000032014040300100010250
000032014040300100060250
000032014050100100090250
000032014050100100020250
000032014050200100040250
000032014050200100110250
000032014050300100100250
000032014050300100130250
000032014060100100140250
000032014060100100050250
000032014060200100120250
000032014060200100080250
000032014060300100030250
000032014060300100070250
000032014070100100010250
000032014070100100060250
000032014070200100090250
000032014070200100020250
000032014070300100040250
000032014070300100110250
000032014080100100100250
000032014080100100130250
000032014080200100140250
000032014080200100050250
000032014080300100120250
000032014080300100080250
000032014090100100030250
000032014090100100070250
000032014090200100010250
000032014090200100060250
000032014090300100090250
000032014090300100020250
000032014100100100040250
000032014100100100110250
000032014100200100100250
000032014100200100130250
000032014100300100140250
000032014100300100050250
000032014110100100120250
000032014110100100080250
000032014110200100030250
000032014110200100070250
000032014110300100010250
000032014110300100060250
000032014120100100090250
000032014120100100020250
000032014120200100040250
000032014120200100110250
000032014120300100100250
000032014120300100130250
000032015010100100140250
000032015010100100050250
000032015010200100120250
000032015010200100080250
000032015010300100030250
000032015010300100070250
000032015020100100010250
000032015020100100060250
000032015020200100090250
000032015020200100020250
000032015020300100040250
000032015020300100110250
000032015030100100100250
000032015030100100130250
000032015030200100140250
000032015030200100050250
000032015030300100120250
000032015030300100080250
000032015040100100030250
000032015040100100070250
000032015040200100010250
000032015040200100060250
000032015040300100090250
000032015040300100020250
000032015050100100040250
000032015050100100110250
000032015050200100100250
000032015050200100130250
000032015050300100140250
000032015050300100050250
000032015060100100120250
000032015060100100080250
000032015060200100030250
000032015060200100070250
000032015060300100010250
000032015060300100060250
000032015070100100090250
000032015070100100020250
000032015070200100040250
000032015070200100110250
000032015070300100100250
000032015070300100130250
000032015080100100140250
000032015080100100050250
000032015080200100120250
000032015080200100080250
000032015080300100030250
000032015080300100070250
000032015090100100010250
000032015090100100060250
000032015090200100090250
000032015090200100020250
000032015090300100040250
000032015090300100110250
000032015100100100100250
000032015100100100130250
000032015100200100140250
000032015100200100050250
000032015100300100120250
000032015100300100080250
000032015110100100030250
000032015110100100070250
000032015110200100010250
000032015110200100060250
000032015110300100090250
000032015110300100020250
000032015120100100040250
000032015120100100110250
000032015120200100100250
000032015120200100130250
000032015120300100140250
000032015120300100050250
000032016010100100120250
000032016010100100080250
000032016010200100030250
000032016010200100070250
000032016010300100010250
000032016010300100060250
000032016020100100090250
000032016020100100020250
000032016020200100040250
000032016020200100110250
000032016020300100100250
000032016020300100130250
000032016030100100140250
000032016030100100050250
000032016030200100120250
000032016030200100080250
000032016030300100030250
000032016030300100070250
000032016040100100010250
000032016040100100060250
000032016040200100090250
000032016040200100020250
000032016040300100040250
000032016040300100110250
000032016050100100100250
000032016050100100130250
000032016050200100140250
000032016050200100050250
000032016050300100120250
000032016050300100080250
000032016060100100030250
000032016060100100070250
000032016060200100010250
000032016060200100060250
000032016060300100090250
000032016060300100020250
000032016070100100040250
000032016070100100110250
000032016070200100100250
000032016070200100130250
000032016070300100140250
000032016070300100050250
000032016080100100120250
000032016080100100080250
000032016080200100030250
000032016080200100070250
000032016080300100010250
000032016080300100060250
000032016090100100090250
000032016090100100020250
000032016090200100040250
000032016090200100110250
000032016090300100100250
000032016090300100130250
000032016100100100140250
000032016100100100050250
000032016100200100120250
000032016100200100080250
000032016100300100030250
000032016100300100070250
000032016110100100010250
000032016110100100060250
000032016110200100090250
000032016110200100020250
000032016110300100040250
000032016110300100110250
000032016120100100100250
000032016120100100130250
000032016120200100140250
000032016120200100050250
000032016120300100120250
000032016120300100080250
000052012010100100030250
000052012010100100070250
000052012010200100010250
000052012010200100060250
000052012010300100090250
000052012010300100020250
000052012020100100040250
000052012020100100110250
000052012020200100100250
000052012020200100130250
000052012020300100140250
000052012020300100050250
000052012030100100120250
000052012030100100080250
000052012030200100030250
000052012030200100070250
000052012030300100010250
000052012030300100060250
000052012040100100090250
000052012040100100020250
000052012040200100040250
000052012040200100110250
000052012040300100100250
000052012040300100130250
000052012050100100140250
000052012050100100050250
000052012050200100120250
000052012050200100080250
000052012050300100030250
000052012050300100070250
000052012060100100010250
000052012060100100060250
000052012060200100090250
000052012060200100020250
000052012060300100040250
000052012060300100110250
000052012070100100100250
000052012070100100130250
000052012070200100140250
000052012070200100050250
000052012070300100120250
000052012070300100080250
000052012080100100030250
000052012080100100070250
000052012080200100010250
000052012080200100060250
000052012080300100090250
000052012080300100020250
000052012090100100040250
000052012090100100110250
000052012090200100100250
000052012090200100130250
000052012090300100140250
000052012090300100050250
000052012100100100120250
000052012100100100080250
000052012100200100030250
000052012100200100070250
000052012100300100010250
000052012100300100060250
000052012110100100090250
000052012110100100020250
000052012110200100040250
000052012110200100110250
000052012110300100100250
000052012110300100130250
000052012120100100140250
000052012120100100050250
000052012120200100120250
000052012120200100080250
000052012120300100030250
000052012120300100070250
000052013010100100010250
000052013010100100060250
000052013010200100090250
000052013010200100020250
000052013010300100040250
000052013010300100110250
000052013020100100100250
000052013020100100130250
000052013020200100140250
000052013020200100050250
000052013020300100120250
000052013020300100080250
000052013030100100030250
000052013030100100070250
000052013030200100010250
000052013030200100060250
000052013030300100090250
000052013030300100020250
000052013040100100040250
000052013040100100110250
000052013040200100100250
000052013040200100130250
000052013040300100140250
000052013040300100050250
000052013050100100120250
000052013050100100080250
000052013050200100030250
000052013050200100070250
000052013050300100010250
000052013050300100060250
000052013060100100090250
000052013060100100020250
000052013060200100040250
000052013060200100110250
000052013060300100100250
000052013060300100130250
000052013070100100140250
000052013070100100050250
000052013070200100120250
000052013070200100080250
000052013070300100030250
000052013070300100070250
000052013080100100010250
000052013080100100060250
000052013080200100090250
000052013080200100020250
000052013080300100040250
000052013080300100110250
000052013090100100100250
000052013090100100130250
000052013090200100140250
000052013090200100050250
000052013090300100120250
000052013090300100080250
000052013100100100030250
000052013100100100070250
000052013100200100010250
000052013100200100060250
000052013100300100090250
000052013100300100020250
000052013110100100040250
000052013110100100110250
000052013110200100100250
000052013110200100130250
000052013110300100140250
000052013110300100050250
000052013120100100120250
000052013120100100080250
000052013120200100030250
000052013120200100070250
000052013120300100010250
000052013120300100060250
000052014010100100090250
000052014010100100020250
000052014010200100040250
000052014010200100110250
000052014010300100100250
000052014010300100130250
000052014020100100140250
000052014020100100050250
000052014020200100120250
000052014020200100080250
000052014020300100030250
000052014020300100070250
000052014030100100010250
000052014030100100060250
000052014030200100090250
000052014030200100020250
000052014030300100040250
000052014030300100110250
000052014040100100100250
000052014040100100130250
000052014040200100140250
000052014040200100050250
000052014040300100120250
000052014040300100080250
000052014050100100030250
000052014050100100070250
000052014050200100010250
000052014050200100060250
000052014050300100090250
000052014050300100020250
000052014060100100040250
000052014060100100110250
000052014060200100100250
000052014060200100130250
000052014060300100140250
000052014060300100050250
000052014070100100120250
000052014070100100080250
000052014070200100030250
000052014070200100070250
000052014070300100010250
000052014070300100060250
000052014080100100090250
000052014080100100020250
000052014080200100040250
000052014080200100110250
000052014080300100100250
000052014080300100130250
000052014090100100140250
000052014090100100050250
000052014090200100120250
000052014090200100080250
000052014090300100030250
000052014090300100070250
000052014100100100010250
000052014100100100060250
000052014100200100090250
000052014100200100020250
000052014100300100040250
000052014100300100110250
000052014110100100100250
000052014110100100130250
000052014110200100140250
000052014110200100050250
000052014110300100120250
000052014110300100080250
000052014120100100030250
000052014120100100070250
000052014120200100010250
000052014120200100060250
000052014120300100090250
000052014120300100020250
000052015010100100040250
000052015010100100110250
000052015010200100100250
000052015010200100130250
000052015010300100140250
000052015010300100050250
000052015020100100120250
000052015020100100080250
000052015020200100030250
000052015020200100070250
000052015020300100010250
000052015020300100060250
000052015030100100090250
000052015030100100020250
000052015030200100040250
000052015030200100110250
000052015030300100100250
000052015030300100130250
000052015040100100140250
000052015040100100050250
000052015040200100120250
000052015040200100080250
000052015040300100030250
000052015040300100070250
000052015050100100010250
000052015050100100060250
000052015050200100090250
000052015050200100020250
000052015050300100040250
000052015050300100110250
000052015060100100100250
000052015060100100130250
000052015060200100140250
000052015060200100050250
000052015060300100120250
000052015060300100080250
000052015070100100030250
000052015070100100070250
000052015070200100010250
000052015070200100060250
000052015070300100090250
000052015070300100020250
000052015080100100040250
000052015080100100110250
000052015080200100100250
000052015080200100130250
000052015080300100140250
000052015080300100050250
000052015090100100120250
000052015090100100080250
000052015090200100030250
000052015090200100070250
000052015090300100010250
000052015090300100060250
000052015100100100090250
000052015100100100020250
000052015100200100040250
000052015100200100110250
000052015100300100100250
000052015100300100130250
000052015110100100140250
000052015110100100050250
000052015110200100120250
000052015110200100080250
000052015110300100030250
000052015110300100070250
000052015120100100010250
000052015120100100060250
000052015120200100090250
000052015120200100020250
000052015120300100040250
000052015120300100110250
000052016010100100100250
000052016010100100130250
000052016010200100140250
000052016010200100050250
000052016010300100120250
000052016010300100080250
000052016020100100030250
000052016020100100070250
000052016020200100010250
000052016020200100060250
000052016020300100090250
000052016020300100020250
000052016030100100040250
000052016030100100110250
000052016030200100100250
000052016030200100130250
000052016030300100140250
000052016030300100050250
000052016040100100120250
000052016040100100080250
000052016040200100030250
000052016040200100070250
000052016040300100010250
000052016040300100060250
000052016050100100090250
000052016050100100020250
000052016050200100040250
000052016050200100110250
000052016050300100100250
000052016050300100130250
000052016060100100140250
000052016060100100050250
000052016060200100120250
000052016060200100080250
000052016060300100030250
000052016060300100070250
000052016070100100010250
000052016070100100060250
000052016070200100090250
000052016070200100020250
000052016070300100040250
000052016070300100110250
000052016080100100100250
000052016080100100130250
000052016080200100140250
000052016080200100050250
000052016080300100120250
000052016080300100080250
000052016090100100030250
000052016090100100070250
000052016090200100010250
000052016090200100060250
000052016090300100090250
000052016090300100020250
000052016100100100040250
000052016100100100110250
000052016100200100100250
000052016100200100130250
000052016100300100140250
000052016100300100050250
000052016110100100120250
000052016110100100080250
000052016110200100030250
000052016110200100070250
000052016110300100010250
000052016110300100060250
000052016120100100090250
000052016120100100020250
000052016120200100040250
000052016120200100110250
000052016120300100100250
000052016120300100130250
000062012010100100140250
000062012010100100050250
000062012010200100120250
000062012010200100080250
000062012010300100030250
000062012010300100070250
000062012020100100010250
000062012020100100060250
000062012020200100090250
000062012020200100020250
000062012020300100040250
000062012020300100110250
000062012030100100100250
000062012030100100130250
000062012030200100140250
000062012030200100050250
000062012030300100120250
000062012030300100080250
000062012040100100030250
000062012040100100070250
000062012040200100010250
000062012040200100060250
000062012040300100090250
000062012040300100020250
000062012050100100040250
000062012050100100110250
000062012050200100100250
000062012050200100130250
000062012050300100140250
000062012050300100050250
000062012060100100120250
000062012060100100080250
000062012060200100030250
000062012060200100070250
000062012060300100010250
000062012060300100060250
000062012070100100090250
000062012070100100020250
000062012070200100040250
000062012070200100110250
000062012070300100100250
000062012070300100130250
000062012080100100140250
000062012080100100050250
000062012080200100120250
000062012080200100080250
000062012080300100030250
000062012080300100070250
000062012090100100010250
000062012090100100060250
000062012090200100090250
000062012090200100020250
000062012090300100040250
000062012090300100110250
000062012100100100100250
000062012100100100130250
000062012100200100140250
000062012100200100050250
000062012100300100120250
000062012100300100080250
000062012110100100030250
000062012110100100070250
000062012110200100010250
000062012110200100060250
000062012110300100090250
000062012110300100020250
000062012120100100040250
000062012120100100110250
000062012120200100100250
000062012120200100130250
000062012120300100140250
000062012120300100050250
000062013010100100120250
000062013010100100080250
000062013010200100030250
000062013010200100070250
000062013010300100010250
000062013010300100060250
000062013020100100090250
000062013020100100020250
000062013020200100040250
000062013020200100110250
000062013020300100100250
000062013020300100130250
000062013030100100140250
000062013030100100050250
000062013030200100120250
000062013030200100080250
000062013030300100030250
000062013030300100070250
000062013040100100010250
000062013040100100060250
000062013040200100090250
000062013040200100020250
000062013040300100040250
000062013040300100110250
000062013050100100100250
000062013050100100130250
000062013050200100140250
000062013050200100050250
000062013050300100120250
000062013050300100080250
000062013060100100030250
000062013060100100070250
000062013060200100010250
000062013060200100060250
000062013060300100090250
000062013060300100020250
000062013070100100040250
000062013070100100110250
000062013070200100100250
000062013070200100130250
000062013070300100140250
000062013070300100050250
000062013080100100120250
000062013080100100080250
000062013080200100030250
000062013080200100070250
000062013080300100010250
000062013080300100060250
000062013090100100090250
000062013090100100020250
000062013090200100040250
000062013090200100110250
000062013090300100100250
000062013090300100130250
000062013100100100140250
000062013100100100050250
000062013100200100120250
000062013100200100080250
000062013100300100030250
000062013100300100070250
000062013110100100010250
000062013110100100060250
000062013110200100090250
000062013110200100020250
000062013110300100040250
000062013110300100110250
000062013120100100100250
000062013120100100130250
000062013120200100140250
000062013120200100050250
000062013120300100120250
000062013120300100080250
000062014010100100030250
000062014010100100070250
000062014010200100010250
000062014010200100060250
000062014010300100090250
000062014010300100020250
000062014020100100040250
000062014020100100110250
000062014020200100100250
000062014020200100130250
000062014020300100140250
000062014020300100050250
000062014030100100120250
000062014030100100080250
000062014030200100030250
000062014030200100070250
000062014030300100010250
000062014030300100060250
000062014040100100090250
000062014040100100020250
000062014040200100040250
000062014040200100110250
000062014040300100100250
000062014040300100130250
000062014050100100140250
000062014050100100050250
000062014050200100120250
000062014050200100080250
000062014050300100030250
000062014050300100070250
000062014060100100010250
000062014060100100060250
000062014060200100090250
000062014060200100020250
000062014060300100040250
000062014060300100110250
000062014070100100100250
000062014070100100130250
000062014070200100140250
000062014070200100050250
000062014070300100120250
000062014070300100080250
000062014080100100030250
000062014080100100070250
000062014080200100010250
000062014080200100060250
000062014080300100090250
000062014080300100020250
000062014090100100040250
000062014090100100110250
000062014090200100100250
000062014090200100130250
000062014090300100140250
000062014090300100050250
000062014100100100120250
000062014100100100080250
000062014100200100030250
000062014100200100070250
000062014100300100010250
000062014100300100060250
000062014110100100090250
000062014110100100020250
000062014110200100040250
000062014110200100110250
000062014110300100100250
000062014110300100130250
000062014120100100140250
000062014120100100050250
000062014120200100120250
000062014120200100080250
000062014120300100030250
000062014120300100070250
000062015010100100010250
000062015010100100060250
000062015010200100090250
000062015010200100020250
000062015010300100040250
000062015010300100110250
000062015020100100100250
000062015020100100130250
000062015020200100140250
000062015020200100050250
000062015020300100120250
000062015020300100080250
000062015030100100030250
000062015030100100070250
000062015030200100010250
000062015030200100060250
000062015030300100090250
000062015030300100020250
000062015040100100040250
000062015040100100110250
000062015040200100100250
000062015040200100130250
000062015040300100140250
000062015040300100050250
000062015050100100120250
000062015050100100080250
000062015050200100030250
000062015050200100070250
000062015050300100010250
000062015050300100060250
000062015060100100090250
000062015060100100020250
000062015060200100040250
000062015060200100110250
000062015060300100100250
000062015060300100130250
000062015070100100140250
000062015070100100050250
000062015070200100120250
000062015070200100080250
000062015070300100030250
000062015070300100070250
000062015080100100010250
000062015080100100060250
000062015080200100090250
000062015080200100020250
000062015080300100040250
000062015080300100110250
000062015090100100100250
000062015090100100130250
000062015090200100140250
000062015090200100050250
000062015090300100120250
000062015090300100080250
000062015100100100030250
000062015100100100070250
000062015100200100010250
000062015100200100060250
000062015100300100090250
000062015100300100020250
000062015110100100040250
000062015110100100110250
000062015110200100100250
000062015110200100130250
000062015110300100140250
000062015110300100050250
000062015120100100120250
000062015120100100080250
000062015120200100030250
000062015120200100070250
000062015120300100010250
000062015120300100060250
000062016010100100090250
000062016010100100020250
000062016010200100040250
000062016010200100110250
000062016010300100100250
000062016010300100130250
000062016020100100140250
000062016020100100050250
000062016020200100120250
000062016020200100080250
000062016020300100030250
000062016020300100070250
000062016030100100010250
000062016030100100060250
000062016030200100090250
000062016030200100020250
000062016030300100040250
000062016030300100110250
000062016040100100100250
000062016040100100130250
000062016040200100140250
000062016040200100050250
000062016040300100120250
000062016040300100080250
000062016050100100030250
000062016050100100070250
000062016050200100010250
000062016050200100060250
000062016050300100090250
000062016050300100020250
000062016060100100040250
000062016060100100110250
000062016060200100100250
000062016060200100130250
000062016060300100140250
000062016060300100050250
000062016070100100120250
000062016070100100080250
000062016070200100030250
000062016070200100070250
000062016070300100010250
000062016070300100060250
000062016080100100090250
000062016080100100020250
000062016080200100040250
000062016080200100110250
000062016080300100100250
000062016080300100130250
000062016090100100140250
000062016090100100050250
000062016090200100120250
000062016090200100080250
000062016090300100030250
000062016090300100070250
000062016100100100010250
000062016100100100060250
000062016100200100090250
000062016100200100020250
000062016100300100040250
000062016100300100110250
000062016110100100100250
000062016110100100130250
000062016110200100140250
000062016110200100050250
000062016110300100120250
000062016110300100080250
000062016120100100030250
000062016120100100070250
000062016120200100010250
000062016120200100060250
000062016120300100090250
000062016120300100020250
000072012010100100040250
000072012010100100110250
000072012010200100100250
000072012010200100130250
000072012010300100140250
000072012010300100050250
000072012020100100120250
000072012020100100080250
000072012020200100030250
000072012020200100070250
000072012020300100010250
000072012020300100060250
000072012030100100090250
000072012030100100020250
000072012030200100040250
000072012030200100110250
000072012030300100100250
000072012030300100130250
000072012040100100140250
000072012040100100050250
000072012040200100120250
000072012040200100080250
000072012040300100030250
000072012040300100070250
000072012050100100010250
000072012050100100060250
000072012050200100090250
000072012050200100020250
000072012050300100040250
000072012050300100110250
000072012060100100100250
000072012060100100130250
000072012060200100140250
000072012060200100050250
000072012060300100120250
000072012060300100080250
000072012070100100030250
000072012070100100070250
000072012070200100010250
000072012070200100060250
000072012070300100090250
000072012070300100020250
000072012080100100040250
000072012080100100110250
000072012080200100100250
000072012080200100130250
000072012080300100140250
000072012080300100050250
000072012090100100120250
000072012090100100080250
000072012090200100030250
000072012090200100070250
000072012090300100010250
000072012090300100060250
000072012100100100090250
000072012100100100020250
000072012100200100040250
000072012100200100110250
000072012100300100100250
000072012100300100130250
000072012110100100140250
000072012110100100050250
000072012110200100120250
000072012110200100080250
000072012110300100030250
000072012110300100070250
000072012120100100010250
000072012120100100060250
000072012120200100090250
000072012120200100020250
000072012120300100040250
000072012120300100110250
000072013010100100100250
000072013010100100130250
000072013010200100140250
000072013010200100050250
000072013010300100120250
000072013010300100080250
000072013020100100030250
000072013020100100070250
000072013020200100010250
000072013020200100060250
000072013020300100090250
000072013020300100020250
000072013030100100040250
000072013030100100110250
000072013030200100100250
000072013030200100130250
000072013030300100140250
000072013030300100050250
000072013040100100120250
000072013040100100080250
000072013040200100030250
000072013040200100070250
000072013040300100010250
000072013040300100060250
000072013050100100090250
000072013050100100020250
000072013050200100040250
000072013050200100110250
000072013050300100100250
000072013050300100130250
000072013060100100140250
000072013060100100050250
000072013060200100120250
000072013060200100080250
000072013060300100030250
000072013060300100070250
000072013070100100010250
000072013070100100060250
000072013070200100090250
000072013070200100020250
000072013070300100040250
000072013070300100110250
000072013080100100100250
000072013080100100130250
000072013080200100140250
000072013080200100050250
000072013080300100120250
000072013080300100080250
000072013090100100030250
000072013090100100070250
000072013090200100010250
000072013090200100060250
000072013090300100090250
000072013090300100020250
000072013100100100040250
000072013100100100110250
000072013100200100100250
000072013100200100130250
000072013100300100140250
000072013100300100050250
000072013110100100120250
000072013110100100080250
000072013110200100030250
000072013110200100070250
000072013110300100010250
000072013110300100060250
000072013120100100090250
000072013120100100020250
000072013120200100040250
000072013120200100110250
000072013120300100100250
000072013120300100130250
000072014010100100140250
000072014010100100050250
000072014010200100120250
000072014010200100080250
000072014010300100030250
000072014010300100070250
000072014020100100010250
000072014020100100060250
000072014020200100090250
000072014020200100020250
000072014020300100040250
000072014020300100110250
000072014030100100100250
000072014030100100130250
000072014030200100140250
000072014030200100050250
000072014030300100120250
000072014030300100080250
000072014040100100030250
000072014040100100070250
000072014040200100010250
000072014040200100060250
000072014040300100090250
000072014040300100020250
000072014050100100040250
000072014050100100110250
000072014050200100100250
000072014050200100130250
000072014050300100140250
000072014050300100050250
000072014060100100120250
000072014060100100080250
000072014060200100030250
000072014060200100070250
000072014060300100010250
000072014060300100060250
000072014070100100090250
000072014070100100020250
000072014070200100040250
000072014070200100110250
000072014070300100100250
000072014070300100130250
000072014080100100140250
000072014080100100050250
000072014080200100120250
000072014080200100080250
000072014080300100030250
000072014080300100070250
000072014090100100010250
000072014090100100060250
000072014090200100090250
000072014090200100020250
000072014090300100040250
000072014090300100110250
000072014100100100100250
000072014100100100130250
000072014100200100140250
000072014100200100050250
000072014100300100120250
000072014100300100080250
000072014110100100030250
000072014110100100070250
000072014110200100010250
000072014110200100060250
000072014110300100090250
000072014110300100020250
000072014120100100040250
000072014120100100110250
000072014120200100100250
000072014120200100130250
000072014120300100140250
000072014120300100050250
000072015010100100120250
000072015010100100080250
000072015010200100030250
000072015010200100070250
000072015010300100010250
000072015010300100060250
000072015020100100090250
000072015020100100020250
000072015020200100040250
000072015020200100110250
000072015020300100100250
000072015020300100130250
000072015030100100140250
000072015030100100050250
000072015030200100120250
000072015030200100080250
000072015030300100030250
000072015030300100070250
000072015040100100010250
000072015040100100060250
000072015040200100090250
000072015040200100020250
000072015040300100040250
000072015040300100110250
000072015050100100100250
000072015050100100130250
000072015050200100140250
000072015050200100050250
000072015050300100120250
000072015050300100080250
000072015060100100030250
000072015060100100070250
000072015060200100010250
000072015060200100060250
000072015060300100090250
000072015060300100020250
000072015070100100040250
000072015070100100110250
000072015070200100100250
000072015070200100130250
000072015070300100140250
000072015070300100050250
000072015080100100120250
000072015080100100080250
000072015080200100030250
000072015080200100070250
000072015080300100010250
000072015080300100060250
000072015090100100090250
000072015090100100020250
000072015090200100040250
000072015090200100110250
000072015090300100100250
000072015090300100130250
000072015100100100140250
000072015100100100050250
000072015100200100120250
000072015100200100080250
000072015100300100030250
000072015100300100070250
000072015110100100010250
000072015110100100060250
000072015110200100090250
000072015110200100020250
000072015110300100040250
000072015110300100110250
000072015120100100100250
000072015120100100130250
000072015120200100140250
000072015120200100050250
000072015120300100120250
000072015120300100080250
000072016010100100030250
000072016010100100070250
000072016010200100010250
000072016010200100060250
000072016010300100090250
000072016010300100020250
000072016020100100040250
000072016020100100110250
000072016020200100100250
000072016020200100130250
000072016020300100140250
000072016020300100050250
000072016030100100120250
000072016030100100080250
000072016030200100030250
000072016030200100070250
000072016030300100010250
000072016030300100060250
000072016040100100090250
000072016040100100020250
000072016040200100040250
000072016040200100110250
000072016040300100100250
000072016040300100130250
000072016050100100140250
000072016050100100050250
000072016050200100120250
000072016050200100080250
000072016050300100030250
000072016050300100070250
000072016060100100010250
000072016060100100060250
000072016060200100090250
000072016060200100020250
000072016060300100040250
000072016060300100110250
000072016070100100100250
000072016070100100130250
000072016070200100140250
000072016070200100050250
000072016070300100120250
000072016070300100080250
000072016080100100030250
000072016080100100070250
000072016080200100010250
000072016080200100060250
000072016080300100090250
000072016080300100020250
000072016090100100040250
000072016090100100110250
000072016090200100100250
000072016090200100130250
000072016090300100140250
000072016090300100050250
000072016100100100120250
000072016100100100080250
000072016100200100030250
000072016100200100070250
000072016100300100010250
000072016100300100060250
000072016110100100090250
000072016110100100020250
000072016110200100040250
000072016110200100110250
000072016110300100100250
000072016110300100130250
000072016120100100140250
000072016120100100050250
000072016120200100120250
000072016120200100080250
000072016120300100030250
000072016120300100070250
000092012010100100010250
000092012010100100060250
000092012010200100090250
000092012010200100020250
000092012010300100040250
000092012010300100110250
000092012020100100100250
000092012020100100130250
000092012020200100140250
000092012020200100050250
000092012020300100120250
000092012020300100080250
000092012030100100030250
000092012030100100070250
000092012030200100010250
000092012030200100060250
000092012030300100090250
000092012030300100020250
000092012040100100040250
000092012040100100110250
000092012040200100100250
000092012040200100130250
000092012040300100140250
000092012040300100050250
000092012050100100120250
000092012050100100080250
000092012050200100030250
000092012050200100070250
000092012050300100010250
000092012050300100060250
000092012060100100090250
000092012060100100020250
000092012060200100040250
000092012060200100110250
000092012060300100100250
000092012060300100130250
000092012070100100140250
000092012070100100050250
000092012070200100120250
000092012070200100080250
000092012070300100030250
000092012070300100070250
000092012080100100010250
000092012080100100060250
000092012080200100090250
000092012080200100020250
000092012080300100040250
000092012080300100110250
000092012090100100100250
000092012090100100130250
000092012090200100140250
000092012090200100050250
000092012090300100120250
000092012090300100080250
000092012100100100030250
000092012100100100070250
000092012100200100010250
000092012100200100060250
000092012100300100090250
000092012100300100020250
000092012110100100040250
000092012110100100110250
000092012110200100100250
000092012110200100130250
000092012110300100140250
000092012110300100050250
000092012120100100120250
000092012120100100080250
000092012120200100030250
000092012120200100070250
000092012120300100010250
000092012120300100060250
000092013010100100090250
000092013010100100020250
000092013010200100040250
000092013010200100110250
000092013010300100100250
000092013010300100130250
000092013020100100140250
000092013020100100050250
000092013020200100120250
000092013020200100080250
000092013020300100030250
000092013020300100070250
000092013030100100010250
000092013030100100060250
000092013030200100090250
000092013030200100020250
000092013030300100040250
000092013030300100110250
000092013040100100100250
000092013040100100130250
000092013040200100140250
000092013040200100050250
000092013040300100120250
000092013040300100080250
000092013050100100030250
000092013050100100070250
000092013050200100010250
000092013050200100060250
000092013050300100090250
000092013050300100020250
000092013060100100040250
000092013060100100110250
000092013060200100100250
000092013060200100130250
000092013060300100140250
000092013060300100050250
000092013070100100120250
000092013070100100080250
000092013070200100030250
000092013070200100070250
000092013070300100010250
000092013070300100060250
000092013080100100090250
000092013080100100020250
000092013080200100040250
000092013080200100110250
000092013080300100100250
000092013080300100130250
000092013090100100140250
000092013090100100050250
000092013090200100120250
000092013090200100080250
000092013090300100030250
000092013090300100070250
000092013100100100010250
000092013100100100060250
000092013100200100090250
000092013100200100020250
000092013100300100040250
000092013100300100110250
000092013110100100100250
000092013110100100130250
000092013110200100140250
000092013110200100050250
000092013110300100120250
000092013110300100080250
000092013120100100030250
000092013120100100070250
000092013120200100010250
000092013120200100060250
000092013120300100090250
000092013120300100020250
000092014010100100040250
000092014010100100110250
000092014010200100100250
000092014010200100130250
000092014010300100140250
000092014010300100050250
000092014020100100120250
000092014020100100080250
000092014020200100030250
000092014020200100070250
000092014020300100010250
000092014020300100060250
000092014030100100090250
000092014030100100020250
000092014030200100040250
000092014030200100110250
000092014030300100100250
000092014030300100130250
000092014040100100140250
000092014040100100050250
000092014040200100120250
000092014040200100080250
000092014040300100030250
000092014040300100070250
000092014050100100010250
000092014050100100060250
000092014050200100090250
000092014050200100020250
000092014050300100040250
000092014050300100110250
000092014060100100100250
000092014060100100130250
000092014060200100140250
000092014060200100050250
000092014060300100120250
000092014060300100080250
000092014070100100030250
000092014070100100070250
000092014070200100010250
000092014070200100060250
000092014070300100090250
000092014070300100020250
000092014080100100040250
000092014080100100110250
000092014080200100100250
000092014080200100130250
000092014080300100140250
000092014080300100050250
000092014090100100120250
000092014090100100080250
000092014090200100030250
000092014090200100070250
000092014090300100010250
000092014090300100060250
000092014100100100090250
000092014100100100020250
000092014100200100040250
000092014100200100110250
000092014100300100100250
000092014100300100130250
000092014110100100140250
000092014110100100050250
000092014110200100120250
000092014110200100080250
000092014110300100030250
000092014110300100070250
000092014120100100010250
000092014120100100060250
000092014120200100090250
000092014120200100020250
000092014120300100040250
000092014120300100110250
000092015010100100100250
000092015010100100130250
000092015010200100140250
000092015010200100050250
000092015010300100120250
000092015010300100080250
000092015020100100030250
000092015020100100070250
000092015020200100010250
000092015020200100060250
000092015020300100090250
000092015020300100020250
000092015030100100040250
000092015030100100110250
000092015030200100100250
000092015030200100130250
000092015030300100140250
000092015030300100050250
000092015040100100120250
000092015040100100080250
000092015040200100030250
000092015040200100070250
000092015040300100010250
000092015040300100060250
000092015050100100090250
000092015050100100020250
000092015050200100040250
000092015050200100110250
000092015050300100100250
000092015050300100130250
000092015060100100140250
000092015060100100050250
000092015060200100120250
000092015060200100080250
000092015060300100030250
000092015060300100070250
000092015070100100010250
000092015070100100060250
000092015070200100090250
000092015070200100020250
000092015070300100040250
000092015070300100110250
000092015080100100100250
000092015080100100130250
000092015080200100140250
000092015080200100050250
000092015080300100120250
000092015080300100080250
000092015090100100030250
000092015090100100070250
000092015090200100010250
000092015090200100060250
000092015090300100090250
000092015090300100020250
000092015100100100040250
000092015100100100110250
000092015100200100100250
000092015100200100130250
000092015100300100140250
000092015100300100050250
000092015110100100120250
000092015110100100080250
000092015110200100030250
000092015110200100070250
000092015110300100010250
000092015110300100060250
000092015120100100090250
000092015120100100020250
000092015120200100040250
000092015120200100110250
000092015120300100100250
000092015120300100130250
000092016010100100140250
000092016010100100050250
000092016010200100120250
000092016010200100080250
000092016010300100030250
000092016010300100070250
000092016020100100010250
000092016020100100060250
000092016020200100090250
000092016020200100020250
000092016020300100040250
000092016020300100110250
000092016030100100100250
000092016030100100130250
000092016030200100140250
000092016030200100050250
000092016030300100120250
000092016030300100080250
000092016040100100030250
000092016040100100070250
000092016040200100010250
000092016040200100060250
000092016040300100090250
000092016040300100020250
000092016050100100040250
000092016050100100110250
000092016050200100100250
000092016050200100130250
000092016050300100140250
000092016050300100050250
000092016060100100120250
000092016060100100080250
000092016060200100030250
000092016060200100070250
000092016060300100010250
000092016060300100060250
000092016070100100090250
000092016070100100020250
000092016070200100040250
000092016070200100110250
000092016070300100100250
000092016070300100130250
000092016080100100140250
000092016080100100050250
000092016080200100120250
000092016080200100080250
000092016080300100030250
000092016080300100070250
000092016090100100010250
000092016090100100060250
000092016090200100090250
000092016090200100020250
000092016090300100040250
000092016090300100110250
000092016100100100100250
000092016100100100130250
000092016100200100140250
000092016100200100050250
000092016100300100120250
000092016100300100080250
000092016110100100030250
000092016110100100070250
000092016110200100010250
000092016110200100060250
000092016110300100090250
000092016110300100020250
000092016120100100040250
000092016120100100110250
000092016120200100100250
000092016120200100130250
000092016120300100140250
000092016120300100050250
